42.3237586,-71.0598799
33.0176773,-117.226457
42.5031266,-72.5058183
41.7201365,-73.0704986
30.3989462,-84.2166521
44.888944,-93.3712995
37.3050139,-121.9977368
41.2611868,-73.4205143
39.3081462,-84.3762989
44.744147,-73.6127
42.8818976,-97.3918748
38.5456749,-121.4933812
32.8300889,-97.1649342
40.6695316,-73.9821404
40.7960052,-73.6909654
41.9875894,-88.0810473
40.7910295,-74.2526343
41.9303938,-87.6399447
43.8908042,-70.2946864
40.7667994,-73.9841263
41.8834178,-87.6255376
37.395925,-122.262253
38.927691,-76.330783
43.625098,-70.2547637
34.0509222,-118.4600058
42.3836981,-71.1283182
43.156801,-77.6004294
30.378411,-90.06875
48.1080986,-122.7896654
28.0433769,-82.7525463
42.3007638,-71.2307422
47.5949314,-122.1419361
43.21981,-71.492546
27.0200222,-82.0675904
41.803594,-87.9426118
44.9893111,-93.1621574
36.294769,-81.99617
41.8357143,-71.3946862
40.7240284,-73.8500846
40.6418577,-73.9666831
38.0154848,-78.5079705
41.3367836,-81.4350116
44.493398,-73.175983
39.4772609,-77.8761775
34.538997,-112.492182
35.1302893,-120.6276213
43.0141015,-76.126125
29.6815203,-82.3799787
40.8347872,-81.3616838
45.128494,-93.153875
37.7471687,-122.5062633
41.973999,-73.768644
41.2381196,-77.053641
33.1005972,-117.3134716
47.7337147,-122.3393961
33.6788838,-117.8114103
41.4396933,-81.8750853
40.6787169,-111.7983578
38.8379059,-77.0852638
43.08564,-70.682087
44.1886204,-88.4826641
32.245969,-110.9232645
42.5417991,-89.0912531
41.551028,-70.6166035
40.078787,-76.273752
42.4603334,-71.2422965
40.724945,-73.718499
36.08735,-86.82066
38.3938737,-78.831127
40.723126,-73.882863
39.1599999,-119.77
41.4795752,-73.246846
40.735418,-73.8904791
34.0180113,-118.4928071
41.344829,-83.1027
39.5021931,-119.8778306
36.6038518,-79.4042221
39.223761,-76.8650594
27.449443,-82.596638
34.4451382,-119.7393011
41.8894661,-87.6288622
32.6703226,-97.3716304
40.8828625,-73.9112814
40.7565048,-74.9742385
33.6902399,-117.6677338
43.886452,-72.214268
28.4699507,-82.5989819
39.984392,-83.041393
42.3753797,-71.1307052
33.0283043,-117.280204
39.0433445,-77.0300904
40.7802167,-73.9588402
47.0231023,-91.6634327
40.8444604,-74.1414633
33.1760916,-96.6828213
38.9615254,-76.9984736
35.8433897,-78.4442503
32.2910801,-110.8313929
43.1188056,-77.5683565
42.3452764,-71.7836385
32.7898645,-79.9297411
38.0328417,-122.547849
38.9844725,-77.0958804
47.0012961,-122.82354
29.2617695,-81.0501099
44.9360434,-93.291818
47.619523,-122.333817
26.7911258,-80.2057834
43.1283568,-88.0708398
33.2175549,-97.1580626
33.0444304,-97.0799626
40.6770658,-80.1297738
41.8380409,-71.382961
40.671636,-73.9751714
44.192876,-72.810762
32.274183,-110.929466
38.984895,-77.198562
38.8165383,-77.0396702
37.756193,-122.4014921
40.8985172,-81.1142902
34.7737082,-90.7576112
40.1353245,-104.9475516
36.5407823,-121.9323115
27.8750846,-81.8296669
41.924531,-73.98432
43.206859,-71.7603229
41.8912471,-88.3309872
42.6788944,-73.7402653
47.5395255,-122.5875048
47.517346,-92.132641
42.424943,-76.411363
32.8120646,-96.7995131
38.8379561,-77.1286052
45.6651167,-89.505302
34.006388,-118.4859443
34.755229,-92.308817
32.7949793,-117.0774989
48.6264638,-112.3280493
34.2168324,-77.911954
39.08223,-77.101266
40.096137,-75.200443
45.4331543,-123.9334738
40.9005152,-73.5492955
37.858614,-122.054775
39.049194,-77.410523
40.7679038,-73.9567274
40.90302,-73.900453
37.607158,-77.4461985
37.2232389,-121.9837782
42.478645,-73.273839
38.9797141,-105.3574943
40.7421982,-73.9818744
35.960654,-79.05081
47.861377,-97.059811
40.313901,-80.1104825
40.2006164,-75.0699182
40.7713442,-73.9599107
42.3249641,-83.2554653
30.683342,-88.095007
42.346094,-71.080326
33.5296461,-82.076941
40.9015181,-74.0237178
47.5059034,-122.3288956
44.9161547,-92.9298746
38.8634122,-92.2032323
37.8799578,-122.2666474
40.6937156,-73.4904514
38.6582999,-90.322354
42.9363309,-87.9935805
44.4469622,-93.1527738
42.4009198,-71.1777166
40.5803199,-80.0102001
48.1212587,-123.2152791
42.177222,-79.808993
37.6890263,-121.9350004
42.8644185,-71.9544665
39.255178,-121.023213
28.0051158,-82.0276984
41.1146937,-73.4897688
38.7328633,-77.2025286
39.046028,-77.1699962
38.926974,-104.825711
42.342344,-71.07834
33.930467,-83.4530319
40.984496,-73.675583
26.4279845,-82.094023
47.5094329,-122.4714407
39.0472915,-76.9505283
39.9908215,-82.9350103
41.6025722,-86.2410957
34.1882962,-119.2147473
37.8562112,-122.0027419
33.6372737,-117.3443983
33.0518047,-96.7389138
40.7624808,-73.9634466
29.8809412,-97.9485933
35.2633227,-120.6311306
40.7283574,-74.0328469
34.4795679,-86.2059444
47.6187302,-122.1924127
39.2699177,-76.725505
34.0488825,-117.8949867
42.692219,-84.459263
40.834774,-81.9343952
42.5084031,-73.2264617
40.7468114,-74.0015324
44.953918,-123.347247
40.7779878,-82.1180148
41.142069,-73.2469674
33.1891598,-117.2077134
40.6458783,-73.9814059
39.3026143,-76.6194186
38.695702,-75.118794
40.7825764,-73.971884
39.911987,-74.168762
39.099671,-76.9876479
36.233918,-79.180486
41.8421198,-72.5040087
35.16471,-84.867938
42.111613,-72.534842
38.068241,-78.623202
42.501632,-123.505915
44.3542431,-73.2481503
38.8298701,-77.2147025
34.2367412,-118.8773595
42.9206287,-87.9849637
