40.2641492,-75.5989697
36.08,-87.39
41.447535,-71.518305
47.3882663,-122.6601424
42.3958893,-71.2222288
42.2278611,-87.9406019
34.2134175,-119.0470628
41.683901,-87.754346
44.3772144,-73.2404868
28.8970291,-81.2243175
39.98084,-75.279796
40.3960897,-105.1347249
37.9250057,-122.2916463
34.1557201,-118.51022
40.9920828,-74.1100153
38.6318784,-90.2162681
40.0089057,-105.2596794
37.443068,-121.8952634
33.2311654,-111.8533101
39.827821,-84.2546856
42.28,-83.75
40.7761416,-73.9450435
41.8686073,-88.0643175
41.2056373,-76.7855152
33.1476522,-97.0640429
34.0627777,-118.4697477
38.9136867,-77.0394174
40.758148,-79.675336
33.7638564,-111.9138715
39.443427,-80.489102
33.9551998,-84.5122329
33.6680868,-84.3122347
40.8078,-96.703591
43.1281384,-70.8354709
39.745039,-121.632839
40.6645868,-73.9828847
40.9394658,-73.0721975
40.779156,-73.9823843
47.6925739,-122.3744075
40.4902303,-74.5043356
31.6403945,-81.8983602
42.3238488,-71.2177836
42.0842383,-87.728534
42.1407642,-89.2280828
41.9357952,-87.6538229
42.0909122,-88.0693278
41.8964493,-85.6110959
30.4253407,-97.7113404
32.8966286,-96.6589272
43.0093828,-89.4304384
39.530841,-76.33425
39.9754216,-86.1059471
44.3412181,-98.2212958
42.2830184,-71.590509
40.1141448,-75.5200715
37.4236982,-122.1179781
46.8603242,-113.9922305
34.2767977,-118.5175353
43.0478128,-88.0155582
41.6914147,-72.6033401
32.27605,-80.973635
46.7182763,-117.014356
37.9638438,-122.3046002
37.7435695,-122.4437299
44.866882,-92.5906349
39.8495252,-105.1394746
34.1161881,-117.7355262
41.7943185,-72.0762836
38.7698832,-76.0701235
41.322738,-72.918049
33.7462978,-85.2773117
25.858483,-80.1917223
39.7409633,-104.9462637
34.0995388,-118.2074811
43.4255517,-88.1667765
37.197024,-80.027525
39.284023,-121.047599
40.6312827,-74.2581575
43.7824656,-74.2653895
44.2561582,-73.7920851
38.979783,-77.007538
40.0949114,-75.1426298
40.044755,-105.270325
41.689696,-72.671846
37.9032629,-122.2737015
34.020224,-84.643945
40.8841647,-73.1382802
40.8962219,-83.8937724
40.8200012,-81.5089847
38.8728813,-121.2916148
41.0096658,-73.7695245
47.659345,-122.28744
41.5770867,-73.3543792
40.8536687,-73.789861
42.373808,-71.123625
35.524794,-105.959198
39.355746,-123.815143
41.4394627,-81.4494942
43.6048212,-72.2885799
33.8737319,-118.4066087
45.628796,-94.5720549
39.805652,-75.7421789
40.7850419,-74.3176262
40.6974744,-73.9940947
37.4450974,-122.1497897
41.2123168,-81.9255615
37.1981532,-80.419511
39.7654898,-104.9717991
40.2449715,-75.084017
33.866361,-118.3660786
40.7478909,-73.9492058
35.9737738,-78.9483332
32.327255,-110.854423
41.164118,-81.935012
29.0066633,-80.8857292
40.5739275,-74.5918467
47.0991041,-122.7645236
42.9225405,-78.8683838
40.798446,-74.7906164
34.172823,-118.445844
36.8537656,-76.0256431
37.7410535,-122.4172822
44.082578,-123.142732
27.5535234,-82.4805075
42.1961714,-70.8902571
39.9547762,-75.1720837
40.4706627,-80.1425323
44.3183478,-94.4779849
40.459611,-86.988959
40.763149,-73.908169
38.9632401,-77.0874781
39.6718137,-104.8821642
42.3122498,-71.0995183
39.6441767,-84.1059806
42.2685851,-71.8301871
43.0697411,-70.7566244
32.8207896,-96.7510269
38.9443887,-77.0601806
42.061092,-87.7095983
44.8500274,-93.4157261
40.6906545,-74.3837063
38.896699,-94.596058
42.9301803,-85.5113048
34.1673574,-118.2747537
41.1860095,-73.390012
40.3022679,-76.3181147
42.7162748,-73.6630823
39.003353,-77.044549
41.0621983,-73.5657475
31.9620629,-81.1270435
33.7463021,-118.3275127
26.3415399,-80.16244
38.9419577,-76.8041477
39.9440423,-82.9380302
42.2073803,-87.8257399
42.1775052,-87.8403365
39.2802122,-76.5805286
40.509499,-88.969828
39.3328143,-76.6345004
40.7990204,-74.2457089
44.749563,-108.741998
38.9196741,-90.1375872
43.064199,-89.509275
37.7204964,-89.2367165
37.8775689,-122.2773789
45.5921794,-94.3107843
38.9887123,-77.0292804
37.7565233,-97.3586212
41.4693186,-72.8482494
43.0132387,-78.6934498
32.34298,-110.933876
41.8814208,-73.4652993
38.8950476,-121.1838201
40.7044592,-75.344471
42.4480412,-71.5088441
44.5143864,-92.2840812
35.9221524,-79.0699136
41.272625,-72.6244391
34.1517433,-117.6689532
41.4140901,-81.5820395
43.5574533,-96.7347527
42.6518303,-70.6654124
36.0454028,-78.9372922
37.8279195,-122.2288561
39.752161,-84.115226
42.2712347,-72.5652708
41.64,-70.9555686
39.1103318,-80.2750361
42.2333661,-71.1613981
48.115006,-122.09861
40.7678926,-73.9900451
40.5508116,-79.8616659
40.721893,-74.0003618
42.1233969,-71.1151779
44.0773665,-121.2834807
40.7767713,-73.9779019
42.076832,-87.827336
42.373845,-73.3804398
43.0404151,-89.4931949
40.6764107,-79.9937985
38.7141839,-75.1182816
42.0165391,-91.5929008
33.3963476,-111.8806435
36.0379829,-84.246771
32.9821079,-111.695699
32.8025464,-96.7648187
40.6893901,-74.3260504
40.7501495,-111.6144579
26.5336904,-80.1579366
34.4278889,-119.7015245
40.1639615,-74.9159045
28.993646,-81.316013
41.028316,-73.600502
36.160979,-115.211986
33.9486222,-84.6847846
38.687203,-77.2764696
35.7072337,-105.8981446
38.8355503,-77.1204836
41.9369187,-87.6391107
39.8387732,-88.8931054
41.5232208,-81.5655334
40.7227668,-73.4677728
45.220993,-112.625606
39.135196,-75.5372975
42.1299629,-83.161633
42.0605433,-87.7072032
27.9930044,-80.5221749
43.0476795,-73.7334837
37.8407725,-122.2350907
42.0533698,-70.6738392
45.4867061,-122.6345741
25.949949,-80.195928
42.841799,-72.584835
40.7773839,-73.9854567
40.8799882,-74.3036838
40.0277862,-75.1835784
28.9281703,-81.9667677
42.3794444,-71.108811
40.1837147,-76.9823574
39.0494998,-76.4369024
40.0933813,-76.4135974
39.94747,-75.31558
40.7303845,-73.9985984
38.1797703,-122.1379804
27.7458626,-81.5306313
42.1192453,-77.0326648
39.1512604,-77.1950424
41.6424433,-86.7763336
40.7446119,-73.918043
40.7888295,-73.9803332
37.7472724,-122.2446163
41.3843547,-83.6631124
42.1959798,-73.362008
41.8938729,-73.3472901
43.0414933,-76.1004322
40.8728947,-73.3203324
39.7166291,-84.0633098
29.9537282,-90.1152363
41.8631946,-87.6290901
42.276674,-83.717106
