39.050819,-77.193976
40.0150256,-75.2355874
45.5563626,-94.1564241
43.012262,-88.054502
35.400727,-85.68566
44.9604957,-93.341646
43.091882,-77.571949
29.0258041,-81.3275137
41.4418597,-81.788559
40.8995215,-73.0768072
48.7691736,-122.487561
44.3218861,-74.1215321
41.2651144,-84.3684905
37.9779805,-82.0227444
41.2519257,-96.1853142
42.5577886,-83.2296403
41.0203967,-73.5821488
37.4231373,-79.2042773
40.8205437,-73.2852475
41.565377,-90.511065
38.269766,-85.672472
41.9006308,-87.6226581
40.0377871,-74.2657039
34.0197703,-118.3880719
43.1541259,-90.4927917
44.6261907,-90.0781249
39.9459502,-75.1523091
40.3714654,-105.5139824
43.1044528,-77.4512838
42.415176,-71.346011
32.8157985,-117.07935
25.7747557,-80.3355094
37.8127078,-122.1960902
41.2510959,-72.8367865
33.766871,-84.2907705
39.033328,-77.0286494
42.6446375,-95.2179939
31.5646441,-110.2925837
40.5280795,-105.0883904
41.6705888,-86.2824405
39.25,-119.96
33.0353401,-96.6107254
38.8387346,-77.104054
43.691576,-72.2748342
38.9642186,-77.0793214
47.6785433,-122.2720635
38.9646905,-77.0686158
45.4959096,-91.9442472
45.5356616,-122.7185895
42.4493955,-71.2212845
29.5439571,-98.5440767
40.708802,-111.81041
40.2667489,-74.4769092
43.5218531,-96.7258954
42.4363533,-71.2105227
42.0597147,-73.9565768
42.7072885,-70.7986472
42.4304872,-83.465212
38.609943,-90.228788
38.293852,-122.469938
33.3363836,-111.9343636
39.914558,-75.510686
40.566387,-105.0914639
32.8806591,-117.2444394
40.3481321,-74.6600712
41.0480189,-80.048416
27.0536953,-82.3872474
38.766491,-104.8173011
41.6286729,-83.7418862
33.7642407,-118.1576513
41.8759042,-88.0900662
41.6413872,-86.3697186
36.0222334,-79.9267978
44.3403739,-68.3909585
34.033686,-118.5058037
33.432143,-84.27301
41.6704259,-83.6719303
35.996535,-84.002216
33.8942308,-118.4010297
43.2813337,-82.6220016
33.925743,-84.376914
38.7076386,-121.274153
43.065399,-87.9966
29.6362293,-82.4347743
40.8597022,-73.9267545
40.4024541,-74.6497944
42.6615657,-71.1420347
43.970284,-92.372997
43.628118,-94.4766186
40.210576,-75.4315363
40.754252,-73.79661
41.6066214,-87.8340342
33.2373988,-117.2762419
34.0708472,-118.2793535
40.0824416,-88.2079324
43.1439219,-77.5916325
30.2229472,-97.8018252
47.0332099,-122.89937
42.2665652,-70.8295353
37.8549953,-122.2594136
39.9599509,-75.1681302
40.846739,-81.4396976
42.1738228,-85.5587849
40.0898286,-74.216877
40.908158,-73.95689
39.5061209,-84.7621234
41.079551,-74.043328
40.9139666,-74.0168403
40.8233987,-74.4296904
40.9206955,-73.9044727
41.2705051,-76.9725041
41.6969757,-70.0224493
28.057103,-82.6392609
39.7112298,-94.8687029
41.99683,-73.189789
32.2511756,-80.7067698
42.3379632,-71.1337867
37.8150876,-76.2796296
39.9636867,-83.0731669
32.2202245,-110.9021127
36.7337235,-119.7019904
39.9650332,-75.0629127
39.2222954,-76.8589285
33.8678797,-84.509709
39.4381227,-77.8155173
45.1902889,-93.2001095
38.4461122,-122.6933607
41.2688946,-96.0580129
40.1235254,-82.9252431
40.7873768,-78.0111467
39.6882116,-123.4827942
41.3686409,-72.8951876
42.2387397,-88.1270032
39.1582147,-75.5233588
34.0456431,-118.4274468
47.6380618,-122.3717224
37.396212,-122.071233
29.5091183,-98.4891735
41.8355815,-87.8701969
42.4780938,-90.6593837
38.8369614,-77.1154139
37.7800247,-122.4233424
29.6782771,-95.2766208
26.60567,-80.0711552
37.2387746,-121.9611729
38.8592706,-77.1038823
41.8378476,-83.8536882
41.50105,-81.6864848
34.1647225,-118.5411455
34.1414346,-118.0899357
32.7765538,-117.1805374
38.8543097,-104.7557795
42.8706048,-71.9516746
40.4114999,-79.6726815
38.2855752,-122.4507579
44.112053,-72.795914
38.7703627,-77.0798517
38.2638108,-85.7051772
39.980928,-75.645471
41.1249113,-73.5546835
42.06175,-76.207213
42.34545,-71.0872222
47.6030208,-122.1270089
30.4415357,-84.2680519
42.455209,-71.1304
40.8915963,-73.1247342
44.0239254,-123.1509464
41.7988247,-87.7902476
37.8860883,-122.2702729
45.0623575,-93.2370268
47.7630087,-122.2526305
40.7064824,-74.3957484
43.0619293,-89.41673
38.842237,-104.916548
28.07,-82.49
40.3357919,-79.8446072
43.719947,-116.25689
42.431175,-77.488702
42.0338428,-71.1820407
44.154086,-122.350774
32.707925,-97.386537
40.459578,-75.057886
39.097075,-84.6424343
48.7096744,-122.4591061
39.0109259,-76.9814732
32.886794,-97.210057
43.1259042,-70.7984977
41.500456,-71.2930994
45.5102135,-92.9931054
39.1093715,-77.0718835
45.4206366,-122.8275288
42.5841626,-83.243155
29.9531442,-90.1190247
41.5700183,-71.0735476
37.7924686,-122.4361061
34.1833918,-118.1340635
29.0519358,-95.42943
37.6209678,-79.5058705
32.8479882,-83.6642333
38.9103183,-77.040826
40.7319868,-73.9925238
33.9881398,-117.8495435
40.4104213,-111.758197
44.503214,-73.1072164
40.164605,-75.231947
40.4400988,-74.458012
44.9425945,-93.1723514
41.3791795,-73.4993393
44.953622,-93.343847
42.1887912,-88.2151274
37.7036487,-84.7972991
42.0847689,-71.1207199
30.4537083,-88.6283519
32.380951,-97.642613
42.596338,-83.21322
40.900266,-73.9047037
47.6383697,-122.4025981
40.060706,-75.194577
38.87402,-76.9645407
26.5563317,-81.8951473
42.0600317,-71.2536885
39.7793087,-84.1246726
41.2543508,-73.1083002
41.2056694,-73.2053428
40.0368637,-76.3259506
40.6661162,-75.3157223
43.0410083,-87.9051665
42.9400016,-73.8515976
41.2665858,-73.7977579
44.4479678,-72.4495634
43.1232339,-115.6861458
37.5198539,-122.3280395
38.379462,-122.2917786
44.961622,-93.297271
39.153779,-84.479369
40.8039734,-73.7374445
36.1905077,-86.6177515
44.194591,-84.0368696
40.8640466,-81.4421663
37.8904908,-122.2699952
27.5202005,-82.5550229
37.6966286,-97.3413212
41.9157621,-87.9047772
37.982948,-122.022375
37.9059155,-122.4935226
39.961508,-75.19532
40.510644,-74.640109
36.5613818,-121.9064653
42.103828,-87.8321022
42.4262039,-76.4562246
43.1258406,-77.6007158
34.1913188,-118.313656
42.3761962,-71.1337544
44.0707181,-71.686546
38.7153739,-121.2572932
42.316849,-89.0522809
42.6662686,-83.1145644
40.0869677,-75.1856716
39.4854468,-74.9765077
46.8392477,-113.9968715
35.3565755,-94.3634238
33.6621356,-112.3847728
45.1122671,-93.0964683
41.6492555,-91.5290823
39.3670276,-74.581132
39.245332,-84.2872994
40.6965851,-75.2701291
38.9561144,-95.3036378
40.8167571,-73.6376583
28.967758,-82.470653
39.2531303,-74.7260869
42.6959183,-73.104528
41.8024889,-87.9966357
41.0547069,-78.8203872
