37.7138613,-97.2602504
35.959812,-78.939257
35.4496997,-120.6361166
30.2472763,-97.7365146
40.7283017,-74.2955207
37.7323611,-122.4766948
33.9339299,-78.226105
43.141144,-77.528622
32.8349477,-116.9664176
41.574642,-90.5892927
39.2684106,-76.7045864
42.940468,-78.757538
35.9070656,-79.006399
33.4998033,-94.2288771
29.61198,-98.4569212
32.2461702,-110.8429047
39.6588683,-79.9517317
40.90588,-100.2631943
43.0853387,-77.9422336
44.010789,-123.086629
38.9831506,-76.502373
42.4981117,-83.0952435
45.383602,-123.010788
29.9847061,-98.0922752
41.9420043,-87.6502674
43.4998497,-96.8090386
41.2064623,-86.3646642
40.2104635,-76.9720967
39.9664534,-86.2810875
40.734459,-74.009796
27.7276132,-82.6262577
37.8972069,-122.5338612
39.482921,-77.50893
35.734853,-105.948453
41.7180464,-86.2372387
42.546026,-83.298022
27.4629984,-82.5237665
40.7578217,-73.9624505
37.9367441,-122.0173521
39.4083092,-123.3596566
41.573142,-87.832687
40.4579379,-75.8369857
40.9243621,-73.7530538
40.4541226,-86.9023148
40.8963095,-73.3526132
41.501912,-71.373703
40.405547,-74.7389739
32.8243974,-79.8100625
39.0858149,-84.5075372
45.530197,-122.70835
41.0480919,-73.516957
31.8762678,-111.010745
42.706177,-72.6648452
37.595243,-120.855654
39.11542,-84.5932698
41.2371893,-72.9791784
39.8906093,-74.9551758
43.0620855,-89.4192493
37.769583,-122.444869
29.96282,-95.596384
40.1311097,-75.1064499
40.765351,-73.9662915
40.9681627,-73.7036268
40.7745752,-73.9596246
40.8457366,-73.9700265
38.1126695,-89.7015034
41.0599875,-81.5151623
41.0802877,-73.5644481
42.1783444,-71.0515069
33.234906,-117.310239
48.417427,-122.299806
41.7439824,-74.3715423
36.7894384,-76.6211211
39.0059232,-121.0205175
37.7571332,-100.0107742
39.6733943,-105.1491051
37.7955303,-122.4565609
36.7658601,-76.0619285
42.260131,-71.0038469
25.7653565,-80.3371357
38.609008,-89.9178869
37.8597665,-122.2918806
34.0894214,-118.2564413
37.531943,-122.2897567
37.7319442,-122.4742992
33.9562882,-117.3111928
41.0666766,-73.4415169
41.5259357,-73.431245
33.9299555,-117.4050207
37.7623719,-122.4536621
45.6783574,-118.7917799
40.789226,-73.9712268
41.9601759,-87.6475062
42.4279392,-71.170202
39.754015,-104.9934632
47.5183527,-94.7595037
44.7079138,-73.4717764
41.3014383,-82.2144874
41.8462733,-88.1331244
42.3734201,-71.1245158
45.4751131,-122.7095748
41.6191051,-93.7334638
42.5339924,-71.1257258
42.974754,-85.735404
42.2237697,-71.1775705
34.0634613,-118.3852911
41.2874471,-73.6978497
37.885495,-122.294361
41.70041,-91.57475
40.757181,-73.714414
41.7928781,-88.1551052
38.923147,-77.10086
44.0846383,-123.036043
39.7759066,-105.0096957
26.6800441,-80.2655881
40.7866871,-77.8393994
44.664247,-123.225592
41.3382843,-75.5750698
41.1200242,-80.3339594
43.051451,-75.4130799
32.4268048,-87.0270941
41.1757339,-73.3121591
27.395486,-82.507292
39.6659603,-104.8837731
37.7405617,-122.4322775
39.1367103,-76.9008839
39.0907963,-108.4869555
26.5369023,-81.915515
39.8302044,-84.2398297
40.7416588,-73.8757246
42.443262,-83.4783523
40.06563,-75.0752951
34.0254409,-84.2144619
41.4686895,-87.6811928
38.781611,-76.224697
40.8891991,-74.3666943
43.146737,-77.563585
33.9852548,-118.3834943
44.8308183,-92.9736502
44.5139521,-88.0932904
39.7565177,-76.9510886
33.8533106,-112.1270833
41.95318,-87.648611
33.68688,-112.3350367
41.6723366,-70.1925363
40.7446749,-75.3151839
41.4722656,-81.5533424
41.8053746,-85.396698
34.4179824,-119.7005261
39.6382618,-78.1045844
37.7865413,-122.485448
41.528227,-74.185044
42.1610156,-88.1036389
36.1007024,-86.7319048
36.60348,-121.9185879
38.240009,-85.566085
42.4996881,-71.2582868
41.7816732,-99.1331539
42.3231916,-83.7894622
41.5799882,-90.5075
43.685097,-72.323034
37.261758,-80.011218
42.1909464,-122.712912
42.8248777,-102.9898637
35.1340693,-106.5188203
35.9273854,-79.0786799
40.433558,-79.926481
34.1549676,-118.4547185
29.670445,-82.344807
48.239042,-116.5427569
40.733975,-73.992395
42.8972624,-77.4214278
44.9367583,-93.1876862
37.4556618,-122.1412179
39.9977346,-81.7415625
39.6613072,-75.5680223
42.0950884,-88.3163761
40.8855444,-73.9136911
34.6461831,-79.6653224
29.7196435,-95.4402007
42.9992926,-78.7187977
26.1849941,-97.6769891
36.7903281,-76.1269873
45.806221,-108.653641
34.047355,-118.4648276
41.1237245,-74.3782307
42.802974,-83.0186219
27.8205697,-82.7948093
40.606723,-73.91192
44.9332513,-92.9827844
38.849747,-77.206371
38.8991199,-77.052498
39.7498934,-121.8181026
40.800897,-73.969492
44.0709117,-121.3620359
40.7826261,-73.9764479
39.90955,-86.535967
40.6975989,-73.9882258
41.2017185,-75.9942459
40.738659,-73.984226
42.1967222,-71.3159601
33.7126144,-111.676034
28.5874609,-80.8234445
37.6047,-77.594742
40.7456827,-74.2452593
41.9305973,-70.0718184
40.329954,-76.50632
36.949244,-80.036819
43.784789,-70.183633
38.1790962,-85.8275962
44.1732754,-94.0241846
39.03748,-77.157819
44.8687031,-93.3221548
40.0832024,-83.011362
42.0545513,-70.19037
42.0347918,-87.6926408
25.6305026,-80.3095862
41.6940151,-83.7064305
39.6906509,-75.783743
39.7860674,-75.4880747
45.1214533,-93.4013338
45.4302556,-122.6451064
32.8619584,-117.2450466
41.8358839,-71.3474695
33.640601,-112.3738476
26.4041485,-81.8137196
37.842004,-122.2963752
