33.5989126,-117.2800372
33.7322787,-117.9799175
43.7561275,-83.3566425
42.6870252,-73.7443347
43.6339902,-70.2372187
40.6316124,-73.9642002
40.7504885,-73.5168018
37.580688,-122.331245
38.2216596,-84.8253289
41.690156,-87.6132975
44.8566198,-93.3913447
39.0133801,-77.0976616
36.0855,-84.223855
35.5113985,-108.7271828
41.7739649,-72.7399762
38.552678,-90.3795438
42.3586539,-83.52918
37.374948,-122.0516405
39.107592,-76.7955597
41.864447,-71.460702
37.8184473,-122.2644867
33.475484,-86.800652
41.1330595,-85.0904822
35.0970538,-106.5772999
40.7640187,-73.9819101
40.9146785,-73.9703716
43.9824397,-69.4883148
38.49944,-90.350046
38.9384316,-77.0782392
38.848887,-76.899047
43.475299,-73.578222
40.928931,-72.894059
43.6746922,-82.6474653
32.8257006,-117.2393085
38.101912,-78.608643
42.2036959,-71.9104934
34.1629067,-118.704764
47.2893863,-122.5207024
42.4336528,-71.2377058
39.9311729,-74.8741394
37.8981199,-122.2605557
33.6043667,-117.8129278
33.8475586,-117.790493
41.7953378,-87.5913351
36.0528544,-86.9572396
40.9081354,-74.0416374
43.1178202,-77.5621267
27.5134617,-99.4839773
33.9976903,-80.9703495
37.773674,-122.4693775
38.8966993,-78.2595231
35.690297,-105.932275
30.014895,-90.109975
42.3311793,-71.8570233
37.3038409,-76.8017414
39.8508,-74.8173
39.741734,-75.715301
40.809851,-74.265608
45.5427959,-122.6449745
40.3767114,-80.0708698
39.4616548,-82.2333484
38.9350908,-77.1121607
41.768388,-72.874761
40.275374,-105.109121
36.072145,-95.9313486
37.0845,-80.4859
32.4245017,-85.7136758
47.038442,-94.9530959
41.94893,-86.310039
41.626744,-93.729149
43.067225,-89.461901
39.07217,-84.367892
38.6585465,-90.3584469
39.9357052,-75.41185
40.5269971,-74.5753074
42.714858,-78.6811029
35.8830385,-106.2898812
33.8671816,-118.3981673
35.9653733,-79.0404196
34.1780342,-118.1310058
39.5420305,-107.7698065
42.257736,-83.637271
47.5298609,-117.255612
40.9116747,-81.0238129
36.025776,-75.6793129
47.6275394,-122.5250628
40.1929342,-105.0858811
34.0152494,-118.4286516
40.840314,-72.736529
41.8823332,-87.6500424
40.8961572,-73.3445092
38.914243,-77.0833178
41.6555312,-72.7430912
42.455647,-71.55791
39.914051,-86.3101329
42.5565027,-114.4729233
42.785473,-73.875907
43.5873149,-110.8269876
41.1260324,-73.9750386
45.1473445,-122.5770322
45.7982195,-89.1626266
41.6515445,-87.0813306
40.6954323,-73.9947123
44.9363207,-93.1783963
39.718098,-74.974379
42.673911,-70.8357792
37.2575524,-122.0137055
33.869621,-118.3886675
40.6350668,-80.2281159
40.6929948,-74.393623
41.7847034,-88.0917416
40.7497026,-73.9984856
40.0564531,-82.5394699
34.8546291,-82.3292834
29.2539852,-81.102441
40.075003,-105.299829
41.804342,-87.586759
40.8994261,-73.0783095
39.310835,-82.045922
36.8572413,-76.1291423
39.83,-74.7713
35.0680188,-106.595047
43.3071849,-72.588041
42.892826,-88.738597
35.61653,-80.56507
30.366699,-97.7329398
41.2380384,-73.2846961
37.9709742,-122.5407092
39.2681868,-76.6996078
37.7887825,-122.4386647
40.718246,-82.5554843
37.8658274,-122.2760922
37.4681612,-122.1688096
40.786054,-81.9272756
41.091104,-74.6786429
34.283308,-118.5079939
40.7475731,-73.9815103
34.0622347,-118.4714302
38.899878,-77.0537209
39.4096079,-123.3555656
40.7766987,-73.9439311
28.121943,-80.581177
37.6895823,-97.2405714
32.8084879,-97.580081
35.6508461,-105.9941039
40.9939688,-73.755484
42.7366199,-71.8919727
40.31872,-74.151856
34.0469838,-118.5270094
39.9668944,-75.1736217
43.0268473,-70.7637957
39.6206793,-84.1488989
41.436044,-81.347904
38.0062183,-122.028691
40.7399486,-74.3177103
35.1834452,-101.8912971
41.164893,-73.8433234
37.201234,-121.956867
42.3343845,-71.1444987
26.3781108,-80.1235317
41.672481,-72.7668
40.6168851,-73.9408744
40.4925844,-74.4283169
40.6772748,-74.3628492
44.3180519,-93.9860789
32.3521802,-90.1616236
36.0170172,-78.9340891
42.56661,-82.954973
33.0221916,-117.0726129
26.5262459,-81.9102583
40.8697368,-73.3880718
41.0328335,-74.1451784
32.868299,-117.2161295
37.697772,-97.521173
39.0250806,-77.0475217
41.007284,-72.474018
37.7580879,-122.4312537
34.4289644,-119.7480326
40.8227732,-73.1809637
44.6462557,-93.2743205
39.6527432,-78.7799446
25.8090946,-80.1863234
33.8398325,-84.1448118
33.7913307,-84.3081179
38.6031033,-90.2479339
42.317478,-71.4172548
41.2498213,-77.0075836
43.075378,-89.378219
35.3445101,-82.4482122
40.773416,-73.979787
26.165016,-81.705262
40.9525987,-72.9253805
37.2866856,-76.7801476
41.0601468,-74.159919
40.665973,-111.843772
32.6741718,-117.0291154
41.4893867,-81.5915623
39.485901,-86.082464
34.2757168,-118.4027603
41.6605918,-74.119187
41.6516173,-91.557637
38.9896202,-104.6919682
40.309637,-83.076099
40.6420045,-74.323777
37.940997,-122.0308485
42.8942688,-77.2881416
45.4416654,-122.5983257
44.958463,-93.38757
41.911975,-74.281949
33.8627145,-84.0297539
40.191595,-75.030115
36.0408392,-95.9556277
40.3552666,-74.619139
26.5200198,-81.998696
41.4763578,-81.57042
38.1464306,-76.6676943
40.0419021,-75.4876445
40.756329,-73.9656402
40.899218,-73.7804309
41.0121039,-73.8676407
30.3757135,-81.5153264
29.6547183,-82.3542684
37.9400002,-122.3340266
39.000566,-76.886487
34.1076986,-118.4239355
37.4050409,-122.0881065
34.328203,-83.885665
44.9851598,-93.2218791
42.042528,-86.487723
37.4204822,-122.1516753
40.6264152,-74.3832244
42.5813315,-83.6133123
31.8007916,-111.0258097
42.2431022,-70.8655715
47.6351782,-122.1720948
45.6112793,-122.6724852
35.0571456,-89.375901
39.223483,-76.834987
41.3159645,-75.9462279
42.3090582,-71.1329558
40.7504516,-73.978098
39.7820797,-89.7283619
41.4431366,-81.4504309
29.5449339,-98.3478698
41.0494879,-124.104607
40.451167,-79.955627
34.1297138,-118.1717897
38.9981652,-77.2883157
36.0261971,-86.8331008
42.1249339,-70.9457549
40.5231066,-105.1122773
46.9838031,-120.5356745
29.774984,-95.429162
43.1212624,-89.3640255
35.099437,-106.6255844
40.042911,-105.2748174
26.062092,-81.703093
26.5178858,-81.9972074
39.7854216,-86.1510343
33.885353,-117.841281
33.9872998,-84.4282091
