47.747737,-122.534337
40.1532887,-82.8901066
42.0437427,-87.7314446
38.8400094,-77.2500021
37.4093234,-122.1031968
26.2076241,-80.2584858
45.0446011,-92.9693857
40.132896,-88.1855667
44.6203953,-117.8733076
39.0533821,-77.1705582
30.0766295,-94.1662652
42.2370984,-71.1511805
32.8337645,-96.7866559
40.7439797,-73.979029
30.2114525,-97.8167801
40.8950522,-74.4685336
40.1465726,-75.3552929
25.7778569,-80.2776123
40.7553751,-73.9789011
34.1332979,-118.2397298
28.0907284,-82.5525872
39.9242895,-82.7739697
26.5359831,-80.1167942
44.013512,-73.174194
34.0563588,-118.4145695
33.299067,-84.80677
38.7923122,-76.9711435
33.804466,-116.513765
41.1221338,-72.3629608
41.705294,-71.282566
37.8873523,-122.2497935
39.945962,-75.1770535
38.7680325,-77.2017097
36.8505691,-76.029817
42.370924,-71.1090263
36.9748005,-121.9571414
35.239604,-82.723137
41.7205,-87.666957
40.7833678,-73.7324727
39.174821,-77.705094
42.664185,-71.1569943
33.94243,-117.93492
38.4190224,-78.914474
40.6767379,-73.9679629
42.968007,-78.726347
44.9451845,-123.0096207
40.636209,-74.320722
35.509895,-82.514638
37.852994,-122.490433
37.8078112,-122.2557781
33.7275477,-84.3575249
37.8424107,-122.2458671
36.7553716,-76.2526694
37.8938047,-122.4760492
37.820514,-122.242168
30.114527,-96.6319369
26.7096928,-80.1235352
42.4525461,-76.5247072
40.7762527,-73.9473507
38.1600758,-122.2567998
40.634036,-73.980299
39.832232,-74.842646
38.605592,-92.219818
39.1912217,-86.5210561
40.0728671,-88.2535057
46.837689,-92.0565395
34.6063382,-98.4032152
34.246453,-118.5079448
40.7942319,-73.963672
42.5496644,-83.3550318
44.476308,-88.030815
40.0172972,-75.2941671
40.8290967,-74.2137593
36.3516359,-119.422544
32.4478892,-93.7364518
33.7640648,-118.1202739
35.6647497,-105.9419329
32.8664357,-96.8000069
40.9813928,-73.716538
31.8717473,-106.5489566
37.6469523,-122.0360957
28.3730719,-80.7128052
41.299279,-74.180014
44.7000907,-73.4634097
26.5075814,-81.9005751
39.1652257,-86.3072178
44.39967,-73.205681
46.2350983,-91.2605455
38.5836206,-76.082953
42.0877032,-75.9389719
34.2012488,-77.8973022
39.066189,-76.715239
33.7957002,-117.8419984
41.3869418,-72.5251926
42.554249,-88.572128
40.9729409,-81.4967281
43.8638138,-69.6341715
34.0442558,-80.968399
43.10489,-87.908156
35.6050244,-77.3585405
40.8285495,-73.9795739
28.045996,-81.74147
41.5503471,-70.6225208
33.533437,-112.039225
40.148319,-75.100881
38.2094641,-85.7033554
39.7193074,-105.1821877
41.0748978,-73.5263746
40.6488077,-84.1531127
44.1272459,-123.1473543
40.73823,-73.87671
38.8820281,-77.1051113
34.1026129,-117.7205992
41.7369523,-72.2150289
27.893223,-82.832569
32.8156313,-79.8603347
47.7020608,-122.3736793
30.0192874,-95.457863
39.5481594,-119.8621469
44.0768642,-123.1126351
29.579813,-98.4685847
40.8148528,-96.6466217
38.9923486,-95.2835672
41.8842692,-87.8231101
41.3692605,-73.9662504
38.665456,-90.413017
33.505238,-86.785567
43.7651763,-70.277407
44.327157,-73.100712
41.247268,-72.877399
40.6994169,-73.8934079
45.3591302,-122.6007028
40.7156889,-73.9826951
36.6118149,-121.9188588
42.3924931,-71.117191
42.5909135,-73.7017858
45.408001,-122.774339
41.722466,-83.663524
40.7917135,-73.9654628
40.4598648,-75.8329055
40.669278,-111.857309
41.767224,-88.082778
42.9857371,-78.7842406
42.8325288,-78.7957875
40.7203975,-74.3728977
39.027911,-77.048553
36.2043457,-86.6069044
40.746428,-74.000044
40.7766022,-89.6614411
26.4643057,-80.1413592
40.8719334,-73.8690801
34.9588723,-79.0270788
42.2664205,-85.5711101
34.8568808,-120.4253746
41.6519479,-88.0091038
34.9489847,-81.9294362
42.3099675,-71.1225468
37.2982689,-76.780126
37.8506785,-85.4730957
42.3883097,-71.3946833
46.1722735,-123.8213805
38.82379,-77.066742
40.794953,-79.076943
33.5752379,-112.033872
39.521475,-119.8283742
39.980748,-76.2710044
40.0732222,-82.9631937
34.2175993,-118.8982774
42.3658914,-83.445126
34.2392153,-77.9257269
34.0733606,-118.0864201
35.781104,-105.921768
34.1553041,-118.0098847
39.194868,-84.548852
42.569804,-83.1036699
42.4161563,-76.5033928
41.4362494,-71.518622
47.717351,-122.366792
41.080836,-73.855901
37.0565939,-120.8487602
41.7200448,-72.5301642
39.3915434,-87.3497709
44.9918123,-93.1159496
43.4433482,-70.3526738
42.4147343,-72.5238979
42.0694225,-87.6786245
39.150431,-76.523427
36.0741609,-86.895961
38.1051379,-122.580924
41.6140206,-70.637601
48.439043,-122.31497
40.9089261,-73.9055144
42.3548061,-71.1999703
45.6876529,-122.6891088
35.6084351,-82.5459833
43.33821,-87.8915425
41.9493746,-87.6469226
45.10447,-93.21968
42.0013246,-88.3808145
42.2551928,-85.5581577
43.050309,-76.272054
44.3800109,-72.0444124
44.6658259,-70.1397839
40.190092,-74.693507
37.2300865,-80.3964465
40.1341856,-75.1660922
29.9176698,-95.6892014
44.4124574,-83.9767764
39.8703154,-86.256103
41.4588744,-71.4689
40.1668184,-75.7116886
33.914812,-78.223207
48.7238307,-122.4948927
40.762824,-73.6675753
33.6587034,-117.864691
40.1667036,-74.8356255
43.355668,-116.557302
38.4566841,-105.2397169
46.850505,-122.941141
37.580167,-122.3386373
40.6564527,-74.5836926
38.9716134,-77.0556072
41.000298,-73.6479
40.8682028,-97.6004533
32.8630894,-96.7268443
39.8225071,-105.0900204
44.1462613,-71.1850996
38.912365,-77.034863
33.9453521,-83.4126397
33.7713878,-118.1498968
40.4583728,-79.9732127
41.88613,-71.9621328
40.877314,-74.2615019
41.036343,-74.206534
30.2041655,-95.4819059
41.7986545,-86.6105778
40.3650651,-75.1152242
44.8100493,-91.4674154
41.8205199,-71.512617
35.3830119,-80.7556052
42.1164542,-88.0733535
43.1238017,-77.5997237
39.176685,-84.3820549
41.9253109,-73.9085019
40.7374532,-111.6040191
42.3518742,-71.1531713
42.022727,-74.107268
44.755763,-93.239217
38.993113,-77.087887
35.738602,-81.338171
39.466039,-123.769233
41.9188073,-87.6369062
45.5139553,-122.6807706
45.8266256,-88.0081299
