35.0981271,-89.9483698
39.1448843,-84.0057617
32.2043546,-82.321791
37.343377,-121.9939558
32.8384983,-96.8140832
39.74439,-104.917939
35.5116394,-97.5370549
42.4607133,-92.3493971
39.9601974,-105.3380769
38.4719255,-122.6731262
41.6008047,-71.2033083
41.4792945,-81.8711458
44.9420891,-93.1284983
44.333494,-85.2954222
41.1261546,-73.477101
44.9803495,-93.1612576
42.2508705,-83.7266344
42.751837,-83.124954
40.982326,-73.9816247
42.6211886,-71.4130553
45.0377232,-93.2242174
39.4971995,-76.5945755
34.1851722,-118.6292851
28.083702,-82.6986469
26.2994418,-98.1872132
38.287363,-85.633066
42.441574,-76.4996309
29.4580092,-98.4935931
39.0548081,-77.0789848
42.395913,-84.008884
42.85293,-72.58469
42.4073334,-124.4217741
41.7548274,-74.0858011
42.3618796,-71.5057044
34.0727199,-118.334982
43.6026818,-84.777774
29.7460178,-94.9463444
35.4278686,-79.1079104
40.7516215,-74.4333064
42.0578742,-87.6911376
40.759071,-73.975954
38.8550972,-104.8047473
47.596802,-122.2905714
42.262543,-71.8503794
30.2032076,-81.6104281
45.1857782,-109.2468211
33.8847298,-117.9194166
40.4312391,-79.6798244
43.7951514,-72.4001149
35.612982,-82.350726
27.3207591,-82.5704895
38.2275242,-85.6938118
30.4018688,-90.107503
38.0391155,-78.4608925
29.1841089,-82.2447217
42.038571,-74.2417059
45.0652903,-92.9599548
40.6965499,-73.9882929
47.6640542,-122.1931886
37.4204336,-122.1659542
39.9930957,-75.2808872
29.7135257,-98.1633792
41.504864,-81.5694322
39.569031,-76.54737
39.1033421,-108.5880801
41.2352199,-73.4542404
39.0270937,-94.6260065
39.60015,-105.358587
39.0485297,-77.0033129
41.11421,-88.853642
42.2424793,-72.6630335
40.305108,-74.077577
40.165068,-122.245288
37.3608125,-122.0900236
29.2406736,-81.0553029
40.031852,-105.26174
26.247687,-81.8041889
36.1545766,-80.3660074
40.9131793,-73.876616
40.6210698,-74.5067851
33.8776084,-118.2673154
41.0908918,-74.1329149
41.74203,-87.992564
38.0302576,-122.5530102
38.3276466,-85.8099053
38.4171089,-85.9090619
34.86,-111.79
42.0524785,-87.810984
38.9795723,-77.0762002
37.7259291,-122.4237307
44.926081,-93.3372125
40.7697992,-73.0767053
40.22047,-74.874036
40.2063409,-74.9367211
42.6744106,-70.6617405
39.7426374,-104.962543
35.2315006,-105.1960795
33.5343134,-81.7304674
39.0799985,-77.1590652
41.337754,-73.431824
38.817995,-77.104654
40.2207379,-74.9438165
43.1555447,-78.6773797
37.7982459,-122.1923349
39.6796999,-77.7187669
38.8864773,-78.1134566
41.0739602,-73.8589413
34.864487,-82.3519262
41.3797759,-73.4347329
37.7417356,-89.1539287
41.8986459,-87.6196136
34.2108781,-77.902809
42.351578,-73.256
37.3905795,-79.1861059
39.0943788,-76.9418409
38.5951674,-90.2200062
29.7068279,-95.3596782
40.079143,-74.04067
40.0467193,-105.3236349
39.1511771,-84.4746653
45.4442834,-94.4359161
39.1581477,-86.5261888
38.9390025,-77.0611055
33.8366398,-118.063569
41.1456698,-104.8297236
34.1086188,-84.3689457
37.520842,-77.576065
40.629788,-73.981495
37.7783042,-122.489111
39.3626003,-76.5443316
39.9874774,-77.0479863
29.2602131,-81.1027855
40.409011,-80.028893
42.4598741,-71.1255506
40.7345425,-82.5351579
40.491596,-74.85378
39.389613,-76.7073749
37.8904566,-122.2496318
42.628078,-83.9680893
25.8606854,-80.1744113
40.0385532,-76.3020333
41.2082534,-75.9882638
45.0248969,-93.495407
33.3758891,-111.6626889
32.3641372,-111.0694048
40.2470722,-74.0518544
39.8887769,-74.9877312
43.4003822,-93.1500026
32.5856204,-83.7135971
38.9532611,-122.7330111
34.1678192,-118.9091667
34.0665186,-84.1069087
41.4536551,-72.7225051
39.0852707,-77.0570575
39.8188207,-79.9462724
39.7939519,-75.4951202
39.369712,-76.6091139
42.0659309,-72.6946191
42.2672535,-83.7274859
33.9413423,-83.3911179
40.0673931,-76.3520383
40.655128,-73.976321
39.0822219,-77.091453
31.8315985,-106.549368
35.8865261,-79.0368979
40.7616739,-73.9577816
34.4319899,-119.6993983
42.3704038,-71.1073262
38.791293,-77.3211532
45.7979385,-108.5158786
30.513267,-87.909969
42.3734842,-83.0757025
39.3821498,-76.7155037
40.7574667,-73.9632029
26.9039718,-80.2214515
28.2981356,-80.6109792
39.256023,-84.557293
26.355678,-80.196591
33.9896577,-118.4580952
32.7777408,-117.1788598
29.4026171,-100.9162271
33.9,-84.47
40.7462692,-73.9877379
42.2136181,-71.1932033
42.895888,-85.614125
32.7799942,-79.9429818
37.7878929,-79.4492329
40.013272,-76.3432799
39.0139839,-77.1170668
44.256599,-72.555458
39.899122,-75.3455009
31.4037498,-100.4715143
39.1066319,-77.0695505
42.5001706,-71.2600591
43.6253639,-84.238957
41.6907684,-86.2631239
36.1324626,-79.8247233
35.6079632,-82.5543337
42.6452046,-71.3325006
40.8758458,-73.3576648
41.243289,-74.678616
40.8365056,-74.277948
41.0538731,-74.080938
42.0141383,-72.5425795
38.5461487,-121.7360815
39.9829005,-76.2748354
41.0053978,-73.7365169
37.3610646,-122.1068603
41.052999,-73.920183
43.0574899,-83.3232667
47.6654979,-122.36993
34.1512326,-118.3483453
28.4095094,-81.4518047
40.296382,-86.5109054
32.027851,-102.121217
34.1892695,-118.1241933
33.5356932,-117.7711765
41.7963049,-91.610911
40.7584842,-124.1517676
42.731474,-84.436967
38.6021911,-77.2911658
42.3183751,-83.7144175
37.7227503,-122.4101055
46.853468,-96.889197
39.6892239,-104.98582
36.0707755,-94.1489263
33.9167392,-117.5888734
44.0275817,-123.0748417
39.902303,-105.027544
33.051927,-117.274425
33.9606086,-118.4439154
44.4580282,-68.3269982
42.3237328,-72.6383041
40.7870711,-77.8728166
37.8792042,-122.0331029
47.766654,-122.305789
41.5040038,-81.5673982
39.0234224,-77.0127672
37.349248,-121.996934
