37.9041753,-122.0534908
33.7781556,-117.8199875
42.3460837,-71.3317742
37.0219291,-113.624069
33.518273,-117.7604145
44.9286178,-93.1729212
33.7856841,-84.3788892
47.7143938,-122.3364201
40.723888,-73.083663
32.937243,-117.256302
44.937676,-93.166198
40.898935,-74.6471395
36.90785,-76.5273884
40.1658108,-105.0972162
40.717809,-73.839056
35.9498166,-79.0531205
38.008406,-120.26103
42.3773252,-71.5766205
36.6237285,-121.9257997
43.0439451,-88.0735649
36.1136062,-115.2393528
35.8312576,-78.5601875
39.1616388,-86.4645834
42.7219443,-78.5072632
38.8715959,-77.1278729
40.316745,-79.5590022
42.2626135,-85.5980847
42.8640744,-71.3860428
28.728826,-81.794511
48.009537,-122.525983
29.080759,-81.0490462
30.0103605,-99.1381907
38.9986707,-77.1351003
41.8346376,-72.7089572
40.8093423,-77.8170721
36.0104128,-78.9137195
32.600611,-80.119074
26.0209499,-80.367611
40.6699317,-111.9215352
37.5974669,-77.4586096
33.41794,-84.7733587
42.413691,-71.1241081
45.0235828,-93.358486
26.5374735,-81.9059006
44.9344899,-93.322263
27.4781288,-82.6019086
44.073478,-103.221193
30.2456728,-97.7688358
41.212932,-73.768021
38.924739,-94.5964585
41.0251137,-81.6356865
40.7717445,-73.9465884
35.701458,-82.527753
41.7354186,-122.6344709
26.121813,-80.268619
40.8665436,-74.232898
42.4053868,-71.0751818
40.00418,-105.4642119
38.8240883,-77.2367044
36.8700803,-119.7535265
39.065733,-77.004111
30.0346211,-95.181556
36.7794219,-121.710523
40.9383984,-73.8462047
32.9019966,-117.1417495
39.1079234,-108.5553333
40.3571376,-74.6461105
39.957059,-74.3491257
35.2686004,-81.0400934
44.3978148,-73.2284815
39.5380429,-76.0943578
40.704716,-89.600281
41.9551514,-87.6702931
37.7187495,-122.4346684
37.770714,-122.435514
46.795664,-95.782973
42.045356,-87.680435
40.3343747,-79.5529327
42.2690614,-71.4530206
38.8012267,-77.0462833
38.9675031,-77.3414859
39.8410223,-86.1457629
47.8966025,-122.1668945
37.3973613,-122.2035424
36.0808731,-79.0987876
39.3647916,-76.6179264
38.639242,-90.334754
43.069701,-76.099441
33.6747553,-117.8477829
41.9907916,-92.1120176
42.470301,-76.7702599
44.2954073,-90.8552748
39.9782403,-78.4822216
40.953517,-74.056153
40.0370801,-75.1944439
41.5627076,-90.5846939
39.9876604,-105.2721809
39.1867695,-96.6232175
42.887229,-85.602926
43.218333,-123.397281
40.7782877,-74.3415389
27.9523208,-81.9633957
42.27637,-71.2471788
39.9130572,-75.06768
38.7257161,-77.0731228
42.880437,-112.397528
41.9205651,-88.1935602
32.941986,-80.222754
37.3303656,-121.9235847
39.1235672,-84.4777506
40.7793912,-73.9851706
40.035437,-105.239257
40.264247,-77.0354187
32.8966755,-96.7973401
39.9749444,-76.7461228
40.1442709,-75.0071389
37.8973528,-122.265704
37.8248498,-122.1896451
40.4930168,-80.0610614
39.9737534,-76.6241253
38.9449287,-77.0618546
37.56,-77.45
38.7093662,-77.19058
34.694176,-111.975502
40.2568602,-77.1719389
42.1941862,-70.9165364
43.0379613,-76.0490672
42.3687643,-71.1064488
41.1104966,-73.8637741
38.8507699,-77.1186711
40.0043394,-74.9017358
42.495608,-90.677575
36.7157391,-107.9822798
38.93086,-77.326474
40.9612257,-91.5505736
41.51769,-81.5682263
35.9318151,-83.9175282
31.074317,-81.403691
40.4505034,-79.908154
41.889848,-87.798937
34.1697077,-77.8523335
35.921175,-78.997032
34.4373412,-119.8929654
40.1962468,-85.4200508
27.49262,-81.441446
39.04632,-77.155029
37.2850721,-121.9683856
47.7206746,-122.3555272
37.596875,-77.459007
46.6732722,-90.8949075
37.764051,-122.4507439
40.1607147,-74.8771217
33.866306,-118.035547
36.668262,-79.8436969
44.0439532,-91.6972987
43.041316,-76.117883
43.3372057,-83.9367959
47.9479906,-122.2193189
35.1229382,-89.9476468
43.0564576,-77.5064323
30.016961,-97.892276
33.1500299,-117.1092726
41.7962947,-87.6041025
40.457599,-74.5055378
42.5160019,-71.276748
41.7134097,-81.3753192
46.8916252,-114.0456531
42.4333873,-71.1860496
37.9604106,-122.0550412
33.9066796,-84.3431349
42.4579382,-94.3126561
40.635228,-74.1029439
39.8056528,-105.1145282
39.969633,-82.841483
42.3835675,-71.1217148
39.0674074,-120.1282439
35.3421685,-82.4478719
37.3551086,-121.825888
42.9933883,-88.0136861
34.4167115,-83.4180028
42.9648249,-70.9814962
37.9889532,-122.5709653
40.7687115,-96.6103351
40.948142,-72.397574
40.4563837,-79.697249
42.1360995,-83.1988687
32.8317747,-117.2502495
32.802174,-117.0461177
44.5310223,-68.6569103
40.800033,-73.970132
40.1820694,-75.0624214
38.930988,-74.925595
45.8587645,-86.9655262
47.7041055,-122.5561966
35.7348208,-78.7575207
42.3357085,-71.1175808
40.7896042,-73.9802572
38.8542396,-104.8211004
42.2481996,-70.8759517
41.0603669,-73.5344982
41.9994489,-87.7406706
39.35413,-84.449607
37.2943391,-76.7164361
33.226318,-117.300376
29.563096,-98.4949161
35.566384,-82.5958786
40.67947,-73.99845
40.8413667,-73.3297996
47.398979,-122.212429
41.0619389,-74.1400298
39.978352,-82.933742
40.676764,-73.9991027
42.4177928,-71.0915951
42.041092,-91.708875
38.7277686,-92.5624817
40.356639,-74.093006
39.7349193,-104.963188
35.6430805,-105.9287912
29.7800858,-95.6404477
39.9976514,-76.2851558
35.5634425,-105.7014937
39.493248,-119.856794
41.926583,-74.0267959
40.5028099,-122.245788
40.8564619,-73.8407554
43.024322,-73.9869888
38.8750938,-77.3926304
38.767979,-77.199941
38.9043232,-77.0331865
27.3141458,-82.5374206
40.0787932,-75.1966483
30.1035716,-81.7183427
39.0654081,-77.1739045
34.2454187,-118.6095216
44.8721851,-124.039337
42.1005647,-75.9326664
39.179959,-78.1709192
33.7649134,-118.1756008
41.859361,-71.387883
40.7642075,-73.933916
40.074285,-75.125922
44.8882076,-94.3833966
41.8350601,-88.059002
34.179752,-103.3348004
