32.8219161,-79.8269948
32.3615351,-90.1321872
35.130797,-106.644797
43.085364,-88.045246
35.1121899,-106.6813317
35.9099999,-79.06
39.0676281,-76.9677131
38.5950879,-90.379197
43.0878388,-87.9706471
37.3261952,-122.0406582
47.641604,-122.558965
37.5660832,-122.3279327
29.219866,-82.09039
46.8795767,-103.1921621
34.2748067,-118.4719028
42.0944939,-87.8222394
41.806603,-87.586581
37.911682,-122.032447
35.0787653,-77.1441537
37.821016,-122.190779
41.8537229,-87.8949115
44.0469462,-121.2702823
41.7715138,-87.5693132
40.3470543,-74.0643065
31.7003537,-81.9217148
37.399785,-122.124233
40.6112941,-80.0840933
40.9515325,-73.8453847
43.8728699,-97.8689001
42.046001,-87.6772459
42.2882293,-71.2847192
42.1313353,-71.6562033
46.7415798,-117.1831766
41.2473395,-73.4650789
39.9903534,-105.0954485
26.7490152,-82.2616717
40.8394187,-73.6451111
38.933378,-77.0917369
40.0241179,-74.1558015
42.0874681,-87.6998083
34.7706914,-92.3689624
25.4449219,-80.520214
36.8916144,-76.3932032
37.4127894,-122.1272934
37.2804184,-121.964558
39.7046975,-104.8875807
36.897431,-94.863897
41.8285203,-72.7666112
42.6562511,-89.0564781
40.734153,-73.977277
42.2743715,-83.7740826
38.9868489,-77.0965435
40.7361379,-74.3814979
47.5063278,-122.1795607
39.1256823,-84.5275464
35.563141,-105.869438
37.7995469,-122.4184017
40.8850282,-74.2057373
34.0655541,-118.4316599
34.0159042,-118.4158467
41.05,-73.54
40.580207,-74.707218
44.8488667,-93.4362778
35.89719,-106.298308
37.7648615,-122.4738572
38.8984545,-77.0932517
41.0359353,-71.9545146
32.304593,-110.7846418
40.6619725,-79.1097154
40.9845904,-73.7943844
34.716316,-86.6254285
40.7931524,-73.9751079
39.9899261,-105.1273099
30.6053949,-96.3158265
40.013993,-74.269972
40.2659259,-73.9968537
40.953565,-74.0219919
40.891703,-73.9503366
38.297581,-85.645252
41.3127019,-72.9172964
27.1287645,-82.4629444
42.4618622,-71.4086684
40.8802942,-73.6488942
37.3901355,-122.0842842
33.780439,-84.3852393
47.667602,-122.188864
48.101809,-123.086779
38.9520833,-77.0304472
40.7999091,-73.9690191
39.1077586,-77.0720694
43.111581,-77.815882
43.0749248,-87.8770179
45.1596507,-93.0542668
29.9830205,-95.5416942
40.3614235,-75.7416328
41.8461512,-72.4106111
41.7916104,-72.822382
42.0717617,-87.714266
39.9550166,-75.6046893
39.2858067,-76.6036871
37.7826189,-122.188717
40.9554202,-74.0315661
34.797079,-82.2593594
42.7560039,-84.491256
41.448771,-89.95551
42.4134168,-73.6731749
37.163122,-76.474158
34.1253854,-80.8167788
30.3813508,-81.6507511
40.3835162,-74.7741514
38.622932,-90.382525
41.518506,-74.086014
36.4997824,-77.9047372
42.533757,-76.6760369
41.1677294,-73.3847352
41.4745201,-73.526095
41.5405573,-96.1462679
40.7443203,-73.8231259
42.1709465,-71.1135307
30.3854221,-94.7174062
41.1534878,-73.6063756
41.960103,-88.1626861
42.1152328,-87.7417747
37.4396459,-81.5753716
41.547303,-87.653153
40.5806453,-73.9715692
34.054065,-117.533326
42.5808651,-72.617347
45.641583,-111.022821
43.026262,-88.3751924
39.7413603,-77.5183627
41.7028274,-86.2179706
40.444126,-86.91667
38.9278042,-77.0413904
39.1810976,-84.8547746
42.3505763,-71.2013367
40.0263392,-105.2894312
40.5847154,-79.746079
39.4657915,-87.3892477
41.739579,-70.4431911
33.8312425,-84.3178294
39.729934,-104.94918
40.3214029,-74.869574
42.175564,-87.827996
40.8121711,-74.225501
35.1279887,-80.6925708
39.6817887,-104.9059249
39.9920436,-105.229242
42.4529391,-76.4989886
41.426364,-71.577323
40.4349863,-79.9120767
40.7396025,-73.5976861
40.1086961,-82.9719769
47.4964383,-122.1773346
37.7272727,-89.2167501
39.8689569,-75.0669786
41.411045,-74.407347
38.996449,-77.185927
36.2122727,-94.1232493
44.9765902,-93.309917
40.7742018,-73.9778278
41.3473736,-83.1310567
43.0234499,-83.617071
42.2804952,-88.0592573
39.1664218,-119.787726
41.8009267,-74.1319686
37.4381156,-122.1279865
42.735307,-83.120092
42.2900217,-83.6805246
33.4185149,-86.8499377
40.7912668,-73.9789506
39.9874589,-105.2426736
45.0470344,-93.2943686
42.3759491,-72.5050251
41.275805,-81.398722
40.790866,-73.722377
34.452233,-119.812768
35.0845378,-106.6392508
38.917968,-77.1163244
40.9355438,-73.8411811
47.6359329,-117.3685793
42.1997049,-71.3059653
40.6087573,-74.4828358
41.4354954,-81.3798278
41.7412941,-72.7703583
45.224948,-123.221107
44.9804654,-93.2013325
42.5746346,-87.9250052
47.0308575,-122.9458566
39.0797891,-76.5269721
39.1582877,-76.8365133
37.838201,-122.2305057
39.6716275,-104.9525694
42.0548595,-87.7506553
37.9725898,-122.4912314
40.0009311,-105.272156
40.723165,-74.065454
38.3007135,-122.0196297
45.0025566,-124.0072878
44.6737403,-74.9864707
38.1415868,-78.5065683
44.0803389,-121.2788579
37.9099999,-122.54
42.0013644,-87.8283098
42.59791,-83.611979
38.0061561,-122.6350294
41.3855661,-74.3122975
40.00423,-75.451764
33.5957012,-111.8888644
36.536885,-121.877525
39.1534852,-86.502771
42.067757,-87.6832005
41.7157901,-72.5445802
41.5378409,-72.0845416
40.9338793,-74.3785558
40.8558693,-73.6003741
41.3236905,-72.5799484
32.309792,-110.897603
40.1330122,-75.413961
40.7274717,-73.6697604
44.6920852,-69.5997496
39.3600003,-76.612108
40.7545071,-80.3440893
40.5272363,-74.4108629
40.887854,-124.0777937
39.1493954,-77.2014263
37.8793906,-122.2590111
38.7775878,-121.2307089
44.0247743,-92.4608461
41.5862267,-93.6214439
34.1356982,-118.4122594
43.3340254,-88.1560908
32.8778102,-110.3853769
36.0053849,-84.304969
41.7916209,-70.5351415
45.3860802,-91.0381966
45.5021457,-122.7832723
42.3786148,-71.1327213
41.9589828,-87.7596361
43.047666,-89.4445808
44.9421518,-93.2935749
40.55597,-75.448952
