40.920319,-73.9039489
38.9963477,-77.0291804
42.0291114,-70.7423685
42.3867935,-85.2796543
42.4584976,-71.1995496
41.3556276,-72.6223854
37.586871,-122.379564
42.3581173,-71.0497989
44.9586964,-93.3113979
42.313791,-83.2641753
40.0112935,-75.3125018
33.077506,-117.262019
28.6832207,-81.3714386
41.7611901,-72.7710913
39.3784796,-94.8260346
41.7141548,-83.6474401
40.774102,-74.453012
39.0509554,-76.9514713
42.458847,-71.34085
37.8176486,-122.2287883
42.3643949,-71.1089315
32.1495044,-80.7624173
38.5912648,-121.3703882
32.352911,-111.03
42.964723,-78.878305
37.9707771,-87.5184802
37.8804421,-122.2621502
42.0463822,-87.6882322
40.787211,-74.590252
37.4131257,-122.1106905
36.9727772,-122.010971
42.5214317,-92.432581
30.1559032,-85.6627702
35.8822805,-106.2827638
33.8150556,-118.0935292
30.3850739,-97.7492077
37.4388116,-122.3236812
39.1072487,-77.491706
37.8706768,-122.2873059
43.18575,-87.97121
40.4353753,-74.4136049
42.717223,-73.780219
38.7336088,-77.0583729
41.3008773,-105.5687522
43.9584214,-92.608224
40.053567,-75.415939
45.0138166,-93.5785654
43.0029346,-88.4645143
32.8725496,-96.7735137
40.0106527,-105.2628313
38.9315765,-77.0574749
41.4870769,-71.3074396
32.9081801,-117.0979006
40.7844888,-73.6565824
47.6093066,-122.3363295
39.704713,-84.560812
37.917215,-122.311445
47.6026262,-122.2868087
38.9155543,-77.212394
34.0603816,-118.4678332
42.4354521,-71.1686599
38.785175,-76.5481058
42.3375617,-71.1400821
37.397163,-121.8598849
38.9924845,-77.352203
40.875754,-73.264252
38.9074837,-77.0594349
35.2602282,-120.6857544
40.0923931,-88.1877695
42.6199941,-73.8428963
37.5922941,-122.3861604
39.1438796,-84.5171546
33.5932825,-101.9501861
37.3674586,-122.0419691
30.7652355,-98.2324692
42.4100655,-71.163047
40.1995307,-74.7916822
38.846826,-77.1552313
33.4691339,-84.469751
40.0336801,-105.2912932
43.036116,-89.469588
33.4568039,-86.799273
42.5774855,-83.2366179
30.1876444,-95.4967841
43.071166,-89.438476
44.935559,-93.290136
28.9808195,-81.2333936
32.7991048,-117.0311055
40.0293699,-75.2074522
36.1275829,-95.9691131
38.8350537,-77.1907652
42.6752709,-71.1458101
39.0676982,-76.9717347
34.1155361,-117.8950031
34.2186145,-119.1892112
39.0905308,-77.1123656
40.41841,-74.981032
37.7405298,-122.4265211
40.8780667,-73.916915
40.283024,-74.7227319
40.0879454,-105.2615231
40.9033712,-73.5722451
40.6202449,-73.9262727
41.3958997,-81.9476782
40.3321357,-94.8857465
42.063155,-71.256035
38.3185819,-122.2702991
35.9284311,-78.7891983
32.3794222,-111.135463
41.9736041,-87.6653893
44.3150747,-75.9508274
29.3671606,-98.4245571
40.3247616,-74.7185964
42.190307,-70.9475851
42.9836184,-70.9749308
41.8990429,-72.9403897
42.343729,-85.418653
27.481806,-82.57874
41.8911717,-87.6677456
40.7736419,-73.9593133
34.145136,-118.3750146
43.0774098,-89.4418417
39.7123958,-104.9660628
40.792167,-96.661095
40.7731238,-73.9648894
33.8210635,-118.0757539
37.5331854,-122.3171621
43.604137,-116.1800655
35.4391782,-97.5404582
30.2588648,-97.7743241
40.3673346,-111.7265379
40.9714164,-81.4527393
40.8574113,-73.9667421
41.4797155,-81.4886862
41.9629235,-71.1804988
34.68,-82.84
33.9897862,-118.4575599
42.5279792,-71.7703821
42.7607109,-71.5235311
41.8997958,-87.6204691
33.3692075,-111.8886423
41.2780029,-85.1360198
28.04925,-80.6148498
40.8073171,-73.9666466
39.828991,-77.2404949
43.0591634,-88.1427466
45.6280712,-94.5842493
35.41228,-81.951151
41.9637706,-72.8055992
38.921398,-77.1003391
39.1679633,-94.5618733
30.3166756,-97.7552514
40.034965,-74.16915
34.025369,-118.459839
42.9823738,-78.7573954
34.44,-119.63
40.7359733,-73.9981431
42.3354043,-71.1372562
39.9041656,-75.3857603
40.741344,-73.6312275
42.1416786,-77.1346417
44.9436632,-93.1370427
41.8396882,-72.6719151
38.821047,-77.0771819
42.7423315,-71.2837915
41.7533204,-72.5011002
40.801815,-74.5839249
41.0753459,-73.5641122
41.7984975,-88.0215036
42.3094447,-84.0182861
40.8059471,-73.7077473
41.0131785,-73.7613853
44.563478,-92.312202
41.349555,-72.922013
38.5691963,-90.4427122
39.1968777,-86.4884033
37.746598,-122.4297213
39.202466,-77.155122
40.7148194,-74.010548
40.7388793,-74.0397999
30.842377,-81.573101
44.0641064,-69.5063201
38.6239919,-90.5470353
40.31076,-74.211694
28.942031,-81.976982
34.0831609,-117.834559
33.7544039,-102.2825016
41.882414,-87.7799428
42.3456933,-71.1251091
41.2098161,-73.9808991
40.9133959,-73.306062
47.452565,-120.304587
37.811081,-122.255983
34.4386217,-119.6905371
37.7677687,-122.4299008
43.768657,-91.203158
37.1432881,-121.5871195
40.7680258,-73.9532922
45.670296,-111.180585
34.1791774,-118.1304798
39.9398215,-77.6652055
41.6106649,-87.7478784
42.368719,-71.247041
40.656036,-73.916897
44.8110444,-93.3600232
42.494825,-71.2073812
45.5333109,-122.6631649
32.2274171,-110.7882328
43.699597,-72.2914719
42.3422,-71.1300458
41.0264833,-73.6473589
40.653711,-74.330314
34.4205066,-119.601738
42.1479,-76.001432
43.6510742,-70.2612465
36.1013006,-80.3139918
40.8367511,-73.9770894
36.0285579,-84.214484
40.6258648,-74.1161271
44.9394502,-93.101044
44.9329624,-93.2092216
43.1610785,-88.2550555
38.8741995,-77.11517
26.1697283,-80.1643866
38.817814,-77.218205
40.7833783,-77.8377763
42.9313936,-71.5186784
29.0478852,-95.440754
40.5365798,-105.0931436
37.922815,-122.3904601
38.0449503,-87.4882005
37.8801387,-122.0813936
42.4510842,-71.877026
39.056736,-77.009141
35.828907,-106.20541
40.7506027,-73.7197561
36.983882,-121.872912
45.1017335,-92.9900182
41.1327623,-74.6198492
37.873595,-122.056701
40.865279,-73.901079
41.9074586,-87.6324218
37.5987182,-77.5810395
42.8432819,-71.5763968
42.1511413,-71.2882426
41.526974,-73.910487
42.2557495,-70.9678956
42.3639728,-71.1880343
34.0773671,-118.5084172
40.946293,-74.2611728
39.6462733,-121.7999767
41.646141,-73.1330563
42.3528914,-72.5297002
39.46056,-76.7962979
40.2912119,-76.7907518
40.72783,-73.8581559
30.7,-88.04
44.3395672,-72.7508383
43.8830688,-91.177311
29.5797667,-98.440733
41.7760479,-87.9629871
40.8701409,-73.369421
40.0469754,-75.5404668
41.6616587,-72.631554
45.2749598,-85.2711887
32.7885516,-117.1649309
43.0977855,-88.402319
42.655562,-73.763338
42.695982,-74.929354
42.4272847,-71.0428724
40.7387684,-73.9991168
35.6314666,-82.5746047
41.8050093,-88.0285798
35.600866,-83.032224
40.6460622,-111.4979729
40.83057,-91.127945
32.2265601,-110.7904119
39.965781,-82.927115
42.2800014,-71.1547172
41.9832196,-87.6546106
