38.883444,-77.2134224
40.4985218,-74.4219715
41.420041,-73.932613
38.9728573,-77.0153691
29.3830025,-98.7368795
42.7766173,-73.8789442
41.6764623,-72.9294019
40.0543845,-84.2503103
37.8969781,-122.2727281
40.5895638,-111.8238522
30.510755,-87.909497
40.7091327,-74.0046585
37.8400931,-122.2335209
42.6976887,-84.433702
38.9111468,-77.0877193
37.902592,-122.293135
42.5515989,-70.9698379
40.3867757,-80.0577859
41.5402609,-80.3162639
42.2919889,-71.7035895
39.895956,-106.608797
37.861152,-122.2376262
40.453088,-79.8555478
37.2534647,-121.9876185
40.6028144,-86.8672339
47.8477507,-122.1995455
41.6590757,-72.5981087
30.0336691,-95.5415604
34.2659554,-85.2361173
41.0342652,-76.8484045
41.2315677,-73.8680307
32.8689328,-117.223184
27.0430411,-82.2768652
41.484405,-74.264753
40.6417683,-74.8359987
27.109101,-82.437583
47.7158205,-122.3739921
41.0144446,-73.7597249
44.516926,-73.267831
34.015564,-117.9908398
35.8944382,-79.0666941
36.1070133,-79.7952353
37.7234234,-121.7298902
42.8633263,-71.9525852
40.0728158,-88.2561722
40.3403604,-80.049267
40.7368926,-73.9941044
38.9826045,-77.1015932
36.954797,-121.9754741
34.4253678,-119.6292316
40.781259,-73.7961541
28.5809196,-81.3331057
42.8921071,-77.282191
34.2253406,-118.8839552
34.0999339,-117.7250572
39.7248983,-75.6654548
41.241796,-111.7204163
33.8738473,-117.2934848
34.1950912,-118.5510818
33.2458467,-87.2130622
37.8493567,-122.259852
33.7457053,-118.3738292
33.6497236,-116.2725207
37.3926336,-121.8074895
35.1602815,-106.4972841
39.4922672,-88.6092011
36.5021069,-91.9319086
27.5436348,-82.3918682
32.7685568,-117.1246692
33.5381084,-111.9556862
42.3724054,-71.5508804
33.875577,-84.238375
40.9009653,-73.8150512
42.4745439,-76.4902522
47.0015869,-114.4734549
40.2028709,-75.24816
40.5106444,-74.2429303
32.8890919,-96.8477288
41.973685,-88.681231
40.6865049,-73.9969629
41.043351,-73.86191
44.0361988,-88.5614137
38.02,-122.55
37.7713333,-122.2333309
30.341652,-97.7843431
40.2114977,-74.7879399
41.1346655,-81.4892085
33.7888381,-118.3340477
33.6235122,-117.6448513
34.578116,-118.0325693
40.127572,-76.776116
40.7743077,-73.9798691
29.9857684,-90.1394828
41.0330183,-73.6401047
37.2558114,-122.0399853
41.3253458,-81.8280781
38.651651,-90.328433
47.0482987,-122.7459659
36.509199,-121.757045
42.809505,-86.164856
34.0675837,-118.4550331
40.8033221,-73.9641459
37.2259728,-121.9643035
38.5709087,-121.4624239
40.795168,-73.9720177
42.7560504,-84.4939419
41.8980741,-87.9396607
38.9094424,-77.0484249
33.7753712,-84.336273
40.6705599,-73.6821077
40.2979437,-79.4677851
41.951734,-73.766965
40.591472,-74.714601
41.996291,-93.641689
47.5216077,-122.2053899
33.6522739,-117.832295
42.4431837,-76.4954959
35.64662,-81.399167
42.360725,-79.487595
40.70448,-80.1180152
42.9851814,-87.9038066
37.6510009,-77.4106425
41.264915,-72.7735453
40.2350406,-75.2550777
35.0694361,-106.5980101
42.7817286,-89.3037219
43.0252487,-72.4354306
38.8738372,-77.4146334
33.5834237,-111.9201311
42.2589122,-88.1392474
45.8404101,-119.2894604
40.8744733,-73.9028746
44.017805,-123.090395
45.0335336,-92.8235426
38.7926121,-77.2384701
40.8072148,-73.9477233
41.022922,-73.743488
38.64268,-77.0030309
42.3953773,-71.1329866
27.2907463,-82.5355266
42.4418979,-71.1966947
42.722763,-73.672912
37.4608528,-122.2734438
35.064562,-106.5932673
37.3898708,-121.8173004
33.7646212,-84.3257555
30.671814,-81.449886
40.2853833,-74.7710599
27.034764,-81.9744976
30.6742963,-81.4470934
32.0039468,-102.154912
40.684105,-74.669217
39.0863668,-77.1586676
42.3214261,-71.1797685
40.449568,-79.7888707
37.3169452,-121.9912608
25.908596,-80.317931
40.7382726,-73.8471442
26.3111916,-81.8255657
37.7122428,-122.1311838
47.6725721,-122.3566958
41.2269682,-73.9138571
34.473053,-85.677717
38.753242,-76.072129
42.4678543,-82.9581023
47.5478384,-122.2279326
42.6497236,-71.275608
34.6003489,-120.1404065
41.6913342,-70.440478
38.4540442,-122.7112782
39.844745,-86.158765
39.4511577,-76.4152389
39.852111,-86.1281345
42.341699,-87.932574
41.914373,-88.3184861
32.318283,-90.163993
42.7549529,-84.4378345
26.1804281,-80.2235396
41.8355606,-89.4823879
40.385647,-74.617896
39.7280566,-104.9616731
37.7821979,-122.220277
40.7282918,-73.9964555
26.9652342,-82.3641898
42.3511123,-71.0800527
38.973703,-76.873064
40.7715101,-73.9513585
39.040094,-76.419332
42.2036532,-87.9667127
33.750592,-111.8459034
42.4028853,-71.3407714
34.4113805,-118.4870293
42.5043392,-74.5924892
42.1674524,-71.4051191
37.7720831,-122.4366792
43.085244,-89.357407
41.0574796,-73.528264
42.6653209,-73.8028827
41.0089648,-73.6372607
42.37364,-71.107421
40.280422,-75.911901
37.9004629,-122.09458
40.6312803,-80.0875921
43.093128,-88.0399879
41.0471606,-81.4307456
43.7698897,-70.3916058
40.8833786,-81.4650609
39.6326298,-106.0779794
34.0614031,-118.4064428
42.1188692,-87.7522574
39.2111704,-76.8960244
39.0687149,-108.5662111
40.0736606,-74.981533
38.4646453,-90.3364075
44.0351243,-123.0959434
40.3588853,-74.631815
39.3184772,-94.9392923
42.4242338,-71.2987619
37.895359,-76.2547914
37.7702663,-111.602119
41.3250957,-72.9145716
40.2091064,-92.5698885
34.1147657,-118.262734
40.409092,-74.798349
39.4198892,-76.6269452
41.354848,-74.091485
34.576425,-82.6395405
33.7597653,-118.3902577
40.9474568,-73.8291673
32.927421,-117.1354375
38.0572248,-78.5978974
29.472366,-98.4663478
32.8496435,-83.6646124
26.1704312,-80.1011274
41.3188417,-72.0891171
33.726234,-116.255972
40.0082971,-83.0848308
42.341175,-72.4780229
45.03078,-93.218557
40.7796009,-74.5063289
38.2961331,-104.6231278
33.9452022,-84.29169
39.0700996,-76.8824189
35.0709083,-106.7037537
43.3069916,-70.9619446
39.1799702,-84.542317
45.6409372,-89.4038238
40.9461328,-72.9554935
41.8290751,-72.5431049
40.7864065,-74.0783441
36.4508749,-95.8825452
40.7656675,-73.4613344
40.4304373,-74.9894087
42.3239416,-71.2196107
33.551724,-111.9704231
39.9088145,-105.0581893
33.6677961,-117.8126034
40.7590705,-74.408205
38.977742,-77.1435939
42.3234467,-83.2532269
42.3978603,-71.501745
45.1984344,-92.770531
40.7654547,-73.9805678
38.941467,-84.23094
41.6896944,-72.5905578
40.9419817,-73.8405302
37.74461,-122.451336
44.8788266,-123.0200741
37.7575837,-122.4165162
33.5239931,-117.6245171
42.3674808,-71.520145
34.1627694,-118.7661425
38.6844198,-122.4693688
35.6409755,-117.6751671
43.090348,-89.514157
39.0703032,-108.5914173
42.1296979,-71.1465361
42.6957804,-73.8770347
39.5426602,-76.0888623
28.338656,-82.689156
45.531847,-122.6481986
30.6347691,-96.3119179
