38.6774995,-122.8823114
39.3208324,-76.7521664
35.108342,-80.815413
26.278593,-81.734871
44.035464,-121.3313458
33.4921213,-88.4221859
46.8349461,-105.1213956
42.4075682,-71.1537865
40.7366262,-74.4064774
42.4271491,-71.1121597
37.7419168,-122.461357
39.4062054,-76.5400861
37.2508019,-79.9808143
42.3408636,-71.1188742
42.0957275,-87.7962336
39.8638739,-77.0275853
37.9633054,-122.5627272
42.1509389,-72.5786209
37.9563958,-122.3209371
47.8772977,-122.278718
39.0512572,-77.1621764
42.0441581,-97.4314302
37.8970782,-122.5365996
40.2585363,-74.5154946
35.1330889,-108.491741
37.360194,-122.0291707
33.7272574,-118.2937688
42.245461,-88.341834
37.7625559,-81.155381
42.3091815,-71.249114
33.7696195,-84.3169994
42.213159,-88.276391
38.1987568,-84.5728751
38.0213118,-121.0838313
40.773059,-73.9787863
35.11,-106.6
40.7832049,-73.976842
42.8180743,-84.4569955
40.7124949,-73.94489
42.3504876,-71.245592
39.9440155,-74.3615628
40.4287614,-74.5279953
32.2098719,-110.8805777
42.2852525,-85.2384839
39.141694,-84.522356
29.56722,-95.061908
38.6594415,-90.303069
42.982653,-78.7806142
41.1536898,-73.3016543
42.3041029,-72.7731272
40.6957953,-74.3939761
41.7561236,-72.7162282
27.0439433,-82.3901707
35.509262,-98.98968
40.85721,-73.9349809
42.7450314,-84.4594967
40.6708794,-73.9719932
42.156485,-88.0849671
40.833961,-73.117133
39.6716758,-104.9902118
41.8889523,-87.7997279
36.064045,-80.0138461
38.9372618,-77.3935939
39.3810145,-81.3968513
41.326685,-73.798598
34.0079429,-118.4348539
33.5151431,-82.1215561
33.3995144,-117.2401486
44.8679016,-92.9796071
39.1115302,-77.1719829
39.7052686,-84.1695579
40.748573,-73.9993679
40.616903,-74.017487
40.2684819,-76.6561055
37.995937,-121.251279
47.864851,-122.211882
40.8044682,-73.7524335
39.0033541,-77.1298286
41.752229,-72.5001196
36.0156735,-82.1587351
37.722807,-122.463408
35.290618,-120.676687
45.5643856,-122.8325639
32.618781,-85.483333
25.8823298,-80.1230073
39.4223039,-107.093206
41.0069301,-81.5906304
27.9896267,-81.9607385
41.2432393,-87.8408438
29.5430395,-98.5190881
42.0239617,-88.1764016
40.1790056,-80.2477339
31.707986,-83.270013
42.1109979,-87.8075677
41.63096,-80.610336
26.9184594,-80.0921238
39.0549675,-77.1232997
40.3538778,-75.1962208
41.283657,-105.5234649
43.2244018,-89.2283502
32.9133276,-96.8114311
33.9518521,-117.9902219
34.1871623,-118.3422798
43.354759,-87.981228
38.601372,-90.5077852
42.1752933,-87.7924069
42.6018602,-82.8018186
38.111883,-122.235148
39.8690649,-74.9842871
33.8397938,-84.4199589
44.2726203,-121.1739212
40.7328283,-73.9871869
31.0812673,-89.0545191
40.888333,-124.094768
32.647742,-97.4025641
42.3620762,-71.108669
35.6868,-105.9488147
41.370692,-93.570706
32.289544,-110.874406
42.4970875,-83.22427
32.7307211,-79.9753228
41.720889,-91.7948119
36.495575,-80.048686
41.0016994,-74.1739054
40.0060465,-74.783901
40.194192,-76.886925
40.6418688,-75.2050601
42.0677323,-87.7141402
41.9797729,-87.7490655
38.6039712,-90.2179132
47.724417,-122.114797
40.4203019,-79.7526742
45.457116,-122.558786
42.2356842,-122.7751193
40.49,-106.83
37.958331,-121.979916
42.1376603,-70.7699506
35.6657705,-105.9819448
32.7400985,-117.1327745
34.15,-118.0
37.4469472,-122.1243366
37.7626742,-122.3966659
42.261037,-83.731054
38.2703865,-85.6477308
42.2815993,-71.1603364
33.796499,-84.3386794
42.184726,-79.938301
35.6894967,-78.7475622
40.9567333,-73.0532034
39.2838783,-106.0627967
35.6422893,-105.9663259
37.417757,-122.120183
44.3579929,-73.3911945
44.4121242,-73.1853356
48.7298759,-122.4661065
44.433859,-73.154591
29.6909224,-95.4723451
33.7902604,-118.3401144
44.8870099,-91.906301
40.1807755,-105.1115099
38.751861,-77.0523204
39.5808903,-84.6656188
25.7512763,-80.3442887
44.558521,-87.700099
41.6359588,-70.924493
37.2445113,-80.0063357
41.2427467,-95.9811774
41.57221,-85.816226
33.3816948,-84.7255925
37.017601,-121.891626
37.279658,-121.856971
41.8292886,-87.845249
44.404037,-74.081474
40.853541,-73.6303893
30.7126153,-95.5570801
40.7419949,-74.280961
30.2151365,-97.8696523
40.813564,-73.3362269
37.0173912,-121.5859502
40.5699633,-75.5092316
43.2403131,-77.6404321
33.6492103,-117.8157213
44.07,-121.3
42.2917482,-83.7310481
30.4387784,-91.0934387
37.6459444,-122.4869616
30.3546758,-81.4886346
34.5114883,-83.5271166
40.701733,-74.087933
44.9389258,-93.6752996
40.5058065,-74.4141776
41.4895053,-81.5498759
42.7262634,-73.6761745
43.1978917,-77.9200352
40.3469249,-74.3113037
31.0460824,-83.8106632
47.077024,-122.944888
41.808754,-71.64502
40.0353778,-76.3035614
39.2409168,-121.0607045
39.9929323,-83.0307983
42.1048826,-71.0092472
42.818843,-77.254521
41.668236,-81.3446699
39.9600215,-75.187941
40.58765,-74.1567802
41.8957868,-87.7836172
43.03213,-83.3229202
25.963671,-80.316283
42.5200721,-71.1270703
40.0097883,-83.0683519
40.7935174,-74.0008831
41.0158242,-73.6222924
33.0120965,-80.034253
41.9186613,-87.6451848
38.7090446,-77.1904651
44.9307551,-93.082547
39.4122298,-79.0033888
40.7240797,-73.9853698
33.583818,-112.246911
32.2099869,-110.8609439
43.712399,-73.0384289
34.2856951,-118.6129438
42.731925,-87.8203443
40.470773,-74.412228
40.7999054,-77.9015263
40.8048616,-73.6494348
42.2376312,-88.2647916
40.0545538,-75.1394081
29.6824974,-90.9910998
34.0109519,-118.3936707
42.3749882,-71.112595
40.3359573,-74.1112777
45.3945357,-93.979279
28.1780817,-82.633032
34.07974,-118.4933622
43.1486311,-87.9086477
41.1721586,-73.2353157
42.2815995,-71.2387305
