36.389163,-76.929269
40.6465584,-73.6254813
42.1653471,-71.0523749
39.9234549,-75.3052295
33.0743603,-96.7252424
40.369874,-80.0638882
40.0781955,-75.2015019
32.3172349,-90.835023
33.6055563,-117.2881167
40.7861278,-73.9532508
40.8105083,-74.6396668
47.0163198,-122.9194403
33.7835919,-84.3209272
38.8300712,-104.868467
29.9219578,-89.9941276
40.036653,-76.4465475
45.3557597,-122.7508354
43.3728635,-72.3378744
43.1443687,-76.3403173
42.2968387,-87.9176178
37.3689768,-122.087872
40.8086872,-81.9503409
40.7856075,-74.0773182
36.8572542,-76.0505822
42.2090792,-88.1850288
41.2099063,-73.292098
34.1077837,-118.3944796
24.9803204,-80.5544737
42.5079316,-71.0873624
40.765419,-73.7367436
37.2201278,-80.4491619
40.201051,-75.071015
34.8175061,-87.5275756
47.4246399,-122.210968
40.7810888,-73.7749466
27.4190149,-82.4779091
38.5709424,-121.4511849
43.0354265,-88.0397783
39.6196569,-79.9527079
39.8099451,-75.4829158
41.5426655,-90.5813435
40.1373078,-76.2618845
41.0323303,-74.0130838
40.9437078,-76.6310548
42.2972869,-71.8350966
45.36605,-86.912228
39.3347342,-82.9797081
41.0574,-73.44953
47.5871734,-122.1682785
40.2061278,-74.9379032
39.6751601,-84.2080343
37.559084,-121.9974613
40.6330749,-80.0671774
41.4725125,-87.0969363
41.9209242,-74.1469155
34.6605282,-86.0227464
34.0667629,-118.4632284
43.1341508,-77.4676488
26.2627204,-81.808782
34.1291488,-83.8457043
39.948281,-75.179301
45.1261326,-95.0580887
40.839964,-73.404881
31.1636669,-81.3770355
41.6775131,-87.9733085
37.7874996,-122.4259787
34.044934,-118.5734353
42.9243749,-73.8142559
35.8949659,-106.3211945
35.8119561,-79.0699115
45.659894,-111.024603
40.133795,-85.651616
40.7782204,-73.9489538
43.290759,-123.260886
34.9300844,-83.6489263
43.5665892,-72.1498022
37.2798699,-76.7566451
40.706686,-73.817856
40.0978818,-75.0851055
35.4072502,-86.1084292
36.595001,-121.9099034
40.4910868,-111.9200706
42.3815106,-71.112384
38.6478838,-90.3360668
47.606765,-122.1582417
35.9264167,-78.6701264
26.6985977,-80.0509455
42.2934491,-71.152247
38.734842,-90.411588
39.9036718,-88.9655619
33.4564788,-117.6488943
31.8607944,-110.980025
30.396299,-86.951955
26.512142,-80.096167
41.8108979,-89.9558315
29.7425374,-94.9466732
33.399807,-86.822157
37.4578853,-122.4362586
41.4711121,-81.570847
43.063964,-89.4256319
37.2022397,-93.2729244
44.399607,-92.634182
35.1678427,-80.7790427
33.7403722,-118.2941948
34.1759242,-118.4337643
38.8776017,-77.1183743
35.4282675,-83.1710516
39.041592,-77.0839249
40.7785116,-73.9864337
36.211687,-115.2284887
44.938497,-93.3942299
35.3491241,-119.0926219
39.307356,-82.077829
42.551907,-82.918572
41.704876,-73.443847
41.440642,-81.7326678
39.9642416,-77.6274001
42.8943537,-78.6597173
40.7741314,-73.6638998
47.9251113,-122.0586475
35.9464916,-84.0147594
35.1662678,-79.3931885
40.7630045,-73.980941
34.1267092,-118.1524741
44.289859,-73.247652
39.4802126,-88.1867924
35.971863,-84.984025
36.1271596,-78.8626567
34.1832798,-118.1108568
43.7816728,-86.4331355
37.7017628,-77.619999
47.150433,-122.561929
40.6534089,-79.9590338
42.4495683,-75.2734538
41.1161962,-73.5512016
42.857349,-73.7833781
40.337877,-74.4556503
41.018007,-73.5599961
39.6478,-104.9010332
34.216576,-118.989627
40.0407775,-83.0809753
40.0152127,-75.2001288
34.0490523,-118.398072
37.9452673,-122.532241
31.943672,-81.058206
34.0292341,-84.4354618
39.1405491,-77.0277808
38.8912219,-77.2371262
41.6397253,-72.3483168
38.4313767,-122.6640397
40.1956629,-77.1933892
40.55569,-74.887752
41.9104645,-87.6326865
42.599799,-75.690057
40.91078,-73.970341
32.3149021,-110.9246328
41.4815561,-81.5189438
41.6431069,-72.4802987
35.8264981,-82.5492999
38.9642173,-77.0890998
41.3737142,-72.9900016
39.3534132,-120.2448272
34.0525768,-117.2518867
40.622517,-74.472226
28.6737502,-81.4154448
35.579087,-82.531758
39.1055074,-77.0888251
29.4694535,-98.4673337
40.1000159,-88.2164901
42.4374426,-71.2064097
40.7258033,-73.9858461
40.025158,-105.278599
43.4673746,-71.7122705
42.811278,-73.778921
33.8411018,-118.1583097
41.0683635,-73.7832622
41.1426364,-73.9952215
42.121282,-87.750938
40.7596709,-93.3129156
40.325472,-74.633942
40.8378031,-74.2036802
39.104997,-76.9691152
41.868,-103.651
39.9899787,-75.2239178
38.2975381,-122.286865
43.0875593,-77.8120129
41.8855852,-87.7784239
37.37024,-122.143206
45.0211235,-93.1426889
42.3693378,-71.1044286
32.9998554,-117.0556155
39.040937,-76.676961
37.8375301,-122.2552602
42.4998233,-70.8519468
40.3303428,-76.4219108
37.197005,-121.846338
41.878193,-72.035638
39.1737813,-78.1796542
41.7937113,-87.5811683
40.9849719,-74.2264503
30.639699,-97.715133
39.861898,-77.0354624
42.0981226,-87.9917024
27.7895148,-82.6427808
37.9269854,-122.0657924
43.081741,-89.495442
41.5723843,-83.6073248
42.299229,-71.2417282
43.1603266,-88.1320397
40.728225,-73.82492
42.6998838,-72.633572
41.5104794,-73.1938362
40.0089619,-105.1943387
42.2793208,-123.6161053
44.341237,-89.733542
33.0118973,-97.0809709
39.5136137,-76.3375391
34.9022206,-82.3055021
40.447339,-79.948719
40.7590776,-73.9736147
43.4016517,-70.408771
37.6551314,-84.8031089
45.6610427,-111.0147184
41.882827,-87.6320469
41.2715542,-72.8301222
35.8776106,-86.3861647
40.6847102,-73.9968169
37.7370933,-122.4521884
40.9852271,-74.3267161
39.4988451,-119.8573555
42.4260855,-71.1585625
37.8683209,-122.2703955
37.2740324,-121.9361067
38.3034,-76.550163
42.4972992,-71.2643469
38.3396526,-122.7960155
29.6737642,-82.3918371
33.6156602,-117.9106239
39.7477634,-105.0342792
42.76935,-78.620259
44.2980049,-94.4645956
39.7448662,-75.6170773
43.0495463,-89.5873733
33.749206,-118.314575
44.832336,-93.068229
28.0610489,-82.4335992
40.2670735,-79.9079682
40.677811,-111.970097
40.2130976,-74.0037461
41.53149,-71.422437
35.0824191,-106.5172243
