39.906106,-105.012001
33.6528324,-112.3546626
39.8978686,-75.3435689
42.638438,-73.73318
41.076967,-73.5282512
41.0077,-72.126588
42.1157797,-87.8436502
38.9778449,-76.7821339
33.027008,-85.045596
42.2455057,-70.8953695
40.734279,-73.9902571
40.4163043,-75.2525018
41.7961191,-87.5837421
33.8636837,-84.2568779
45.345284,-122.698781
35.977305,-77.8002039
42.2247331,-71.5209148
42.0922838,-75.9204787
40.296944,-86.057056
33.8163894,-117.8498686
40.638726,-73.9631989
39.166726,-107.249824
42.5460089,-71.1022645
38.9196077,-77.4142867
40.6411863,-73.9665416
38.835802,-76.49551
41.712587,-71.301563
35.9462928,-79.1145095
41.140868,-73.364123
45.544991,-122.6487124
41.740639,-70.1517243
37.4464337,-122.153968
41.928662,-73.8798429
43.8036064,-91.214447
39.1228602,-77.2394771
40.3969858,-80.1115562
39.092662,-104.799617
43.6906144,-72.2652966
41.6329898,-73.6610998
42.4709443,-83.0985374
37.4397037,-122.2048333
34.0746133,-118.2957636
39.7973034,-76.9667655
38.5680198,-121.7612335
39.736938,-104.978425
41.058226,-73.5789444
40.6202481,-74.7578461
40.3409075,-74.6682114
40.7175415,-74.0145351
41.3356401,-75.061264
32.7814405,-79.8024816
40.8135214,-74.5380022
39.7905528,-75.4782158
38.1242239,-122.5965522
42.0683335,-71.1046026
42.8624933,-72.7038047
37.93,-122.38
41.1213462,-72.3653601
41.549021,-93.789563
38.3808918,-81.8068473
45.5322362,-122.6489599
44.9364356,-72.2051022
42.0848664,-87.9230676
33.1006119,-117.3054204
47.6781174,-122.3090391
35.9462784,-106.0799311
32.633803,-84.94888
47.7424492,-114.2261578
43.327284,-91.783406
41.0266918,-73.7673933
30.416123,-84.251244
39.3490692,-76.6293126
41.379865,-72.8600324
42.3335621,-71.1238433
41.7716465,-88.0115797
39.171969,-77.224177
40.626941,-74.025638
33.4725899,-86.744141
42.3986485,-71.1254547
41.0023085,-73.8770816
30.2364532,-81.3837277
35.2094341,-101.9002913
38.6878426,-122.0578199
42.403984,-72.513745
43.1180618,-70.7965939
39.0187973,-77.0803873
44.460335,-72.689992
37.5932619,-100.4417444
41.2959908,-72.5754149
43.0985392,-88.0276979
47.9949267,-115.7782979
42.9921239,-77.607793
42.555143,-83.4103
41.1382824,-73.7961023
40.9462419,-73.9859163
42.4901928,-96.0625722
45.3741596,-122.6433639
43.1725552,-79.0358782
44.3342827,-72.4898301
40.739939,-74.0013151
36.166701,-86.504414
39.0996332,-108.5408237
43.707325,-72.301697
40.9976756,-74.2687696
34.287678,-119.148248
40.6847749,-73.9321279
34.9540241,-81.0314412
40.3619167,-74.6466588
40.4835886,-80.0332031
33.776711,-84.2004487
32.5631719,-83.6944174
39.3600965,-76.6744169
39.7666764,-105.0045395
40.7872425,-73.7371343
39.8811719,-75.6532932
32.3202045,-110.9200134
32.86658,-96.842341
40.222063,-75.665393
38.628425,-121.3805268
39.4348054,-76.8785202
39.9088616,-75.0595554
39.9499673,-75.1704575
38.6436806,-121.2331283
40.8010067,-73.4150934
33.513149,-102.0129874
42.8999155,-78.8757149
38.671173,-75.245589
40.8169352,-73.7261326
43.0685433,-70.7585614
40.7876368,-77.8632356
44.0789477,-69.398281
39.668601,-104.8272298
39.799534,-75.553826
25.6595661,-80.3460868
42.3432468,-122.829628
39.5345414,-119.8366555
38.9124267,-77.0724745
40.0463468,-105.2513828
33.9816647,-118.4690973
41.0504939,-85.0926579
34.4618166,-119.8151068
42.4674081,-71.2376849
37.3938926,-122.0224386
41.9958143,-87.834827
42.3116404,-83.2602498
41.3289097,-72.0014535
41.825524,-72.0117099
37.3982672,-122.1982662
42.0079173,-87.6937575
41.12798,-80.656939
34.4386109,-119.2707391
39.1783769,-77.1827169
39.8601298,-84.888671
40.7733286,-74.2516536
39.9089396,-86.175955
40.3470645,-74.6328177
44.1815185,-71.7827588
41.609935,-73.894698
37.8535994,-122.2564755
41.735347,-73.357082
32.2599129,-110.8875374
32.2402882,-110.843145
33.921361,-117.966566
40.7355162,-73.9842474
39.1120558,-77.1787672
37.944004,-122.519188
34.1306637,-118.1994911
37.4663787,-122.4348955
29.748074,-95.396075
43.1411649,-76.2329616
41.4683403,-74.3933539
39.762075,-75.580738
33.4175443,-111.8245143
37.7649362,-122.4651785
40.7642629,-73.9775665
34.2299342,-118.5774007
39.0707416,-77.0227011
41.6630913,-71.4701412
37.821125,-122.247933
33.5475397,-117.8039997
39.949928,-75.217908
41.6787587,-72.6594454
38.1940853,-120.9779962
39.4013869,-76.418693
38.1113735,-78.3591648
34.793909,-112.500085
41.042405,-73.672962
40.269674,-74.336054
44.2766852,-88.391461
41.3239502,-73.2692859
35.6178951,-82.3212302
40.1129649,-75.1256501
44.44506,-88.032589
37.8936716,-122.2838474
38.2959142,-76.4905772
41.4114991,-73.6826242
41.902204,-87.62636
35.6664783,-80.583991
45.5648549,-122.6644453
37.3483928,-122.0482715
42.7578244,-84.4944513
33.8056147,-118.3682385
41.7559449,-72.71988
40.2932149,-76.053623
41.4100511,-85.8508146
41.6613241,-86.1795269
40.1244732,-75.1631346
29.735058,-95.378763
34.1334601,-118.1654073
40.0486745,-75.3861994
38.612502,-90.237076
32.2340217,-110.9623293
47.73859,-94.6531513
38.9208373,-77.1540987
42.7602685,-84.4932367
41.531472,-87.676983
33.7012163,-111.8729485
40.058701,-75.414069
37.8992911,-122.2597011
42.4173064,-71.2430661
47.4692222,-122.3579523
34.5365306,-112.494983
40.621912,-73.903904
34.0984648,-117.7334448
44.861574,-92.61705
38.849828,-77.359772
41.5113216,-81.5226859
32.1976369,-111.0805005
44.459699,-88.020449
37.3871028,-122.0922485
45.5476003,-122.6383108
26.81664,-80.1450666
37.9580927,-122.0114667
44.9998444,-93.3886417
42.7764008,-86.1217952
37.4187756,-122.2508921
38.970855,-76.551753
37.2347015,-80.450223
38.9274275,-104.8493098
40.960547,-74.1261556
44.9601029,-93.336906
38.6592058,-77.2433674
39.981411,-76.731806
39.613707,-104.921045
38.9104091,-104.8411214
39.3525621,-76.6122326
25.7218913,-80.2538184
40.7775623,-73.9815947
40.722619,-73.994547
38.676768,-90.326379
38.6434283,-90.2605639
33.8839674,-118.4025228
