38.9979303,-77.0127641
38.0485527,-78.4990082
40.7666237,-73.9577725
41.3726829,-73.3563019
42.4060119,-76.481164
42.378759,-71.132186
34.0048442,-118.4841708
42.2674245,-71.0780849
39.0215749,-77.3210251
48.0386407,-122.4116211
40.8173493,-74.2028943
38.028311,-84.485782
40.0930125,-82.8056459
38.9004176,-77.3230729
47.8202983,-122.321617
39.1515717,-77.1945391
33.5048447,-112.1876609
40.7360872,-73.0770477
40.848683,-81.357247
43.1992244,-78.5761394
40.8353431,-73.1192239
40.7300973,-89.6298961
34.5387429,-117.3268372
38.9933819,-76.523694
33.8360719,-78.646224
34.2263404,-118.557639
39.8660958,-75.0713259
37.6680746,-97.2779797
33.616055,-117.640225
26.041911,-80.182114
30.3865633,-81.5088297
41.484032,-71.276088
39.0185569,-77.072346
41.9286023,-87.7097142
40.886632,-73.409291
40.944073,-73.840435
40.2397092,-75.3039899
33.72557,-118.006242
39.3288879,-82.9867218
42.2504181,-72.577337
37.8006271,-122.4058214
45.6775195,-111.0312364
39.76075,-75.03897
41.1699636,-73.3298611
39.501902,-76.645204
41.3434412,-81.8291028
39.0288333,-77.4981801
42.3468474,-71.1608165
37.8674513,-122.0420438
41.0508244,-73.9190098
35.8902419,-79.0746486
41.188415,-73.736455
39.264181,-76.740501
36.0252489,-86.7202
39.4533323,-76.6186281
47.7213137,-122.2149864
42.9150993,-73.8067498
42.9265239,-85.6406189
42.3104045,-71.127234
40.873812,-73.3679392
37.4921236,-122.2368239
35.9082513,-79.0692996
39.0509029,-76.9514935
41.0029241,-73.8713385
42.6179631,-73.7278029
40.8085395,-73.9545513
41.362807,-72.9150639
33.9959086,-118.4382754
43.0593499,-89.4550277
40.8649245,-73.9894343
32.6686614,-97.4228253
43.0990984,-74.7936187
40.0133983,-75.7897505
32.4787644,-94.0596305
37.4193047,-122.1637126
40.9169871,-74.0109045
42.1696491,-71.2315124
43.8750914,-85.510963
35.9812942,-85.1984715
28.7993464,-81.8875145
41.682278,-70.0078602
40.9282807,-95.1778582
27.0756579,-82.3725687
29.739254,-95.441029
40.3159922,-76.5619698
44.5735631,-123.2650544
39.0316918,-77.4553603
42.3975655,-71.1348261
38.9991059,-77.0683749
34.1650781,-118.2737212
38.433067,-90.411725
26.4413165,-82.0637702
40.6452358,-74.6258129
41.585543,-90.7743819
44.581287,-123.2873162
41.6038548,-93.8228983
42.2058792,-70.7621468
42.1244534,-88.030758
40.0026211,-105.175183
40.7940372,-73.9717353
42.63213,-73.8181549
38.6588979,-90.3498279
41.2063796,-73.2582944
41.308978,-73.696557
41.844241,-73.0169135
41.4070059,-81.8785132
45.965469,-94.359526
41.476694,-71.4470259
37.397463,-122.06638
42.3082468,-75.5206311
41.6571521,-91.5118229
40.7259417,-73.6202814
42.3257007,-72.6420171
42.3509523,-71.0578985
39.7434675,-104.9885747
38.1195359,-122.26487
37.3104782,-121.7936836
40.2979105,-74.3458621
40.0707132,-75.0714149
41.5512989,-70.6439738
37.4320694,-122.115759
44.556824,-123.324409
40.7654964,-73.9631442
39.772273,-75.999294
37.3480936,-121.9795123
44.0100734,-92.4738532
43.0659049,-87.8771922
47.1988033,-120.9403275
43.2185948,-87.9313034
38.8141947,-104.8516821
41.5517992,-96.1582259
33.6706575,-117.8136173
27.7429675,-82.7203645
34.0661915,-118.4620903
40.8894621,-73.3773461
38.9301179,-89.6066246
39.1733649,-75.550815
42.0218413,-70.7393247
38.9660616,-77.1188504
40.0369732,-75.408402
42.341301,-71.4000904
40.483823,-74.6632366
38.879269,-76.811925
45.4776975,-122.5606202
38.340411,-82.6485495
40.039674,-76.317946
46.4577125,-110.3141096
39.746381,-77.282615
26.1533288,-81.7980835
46.606501,-121.6706437
26.3315622,-80.1344862
42.0498222,-73.6355284
44.2612606,-72.5684942
40.2968781,-79.4512638
34.452223,-119.7468514
36.662154,-76.579745
41.9230658,-87.6407887
39.062094,-104.81379
40.8447396,-74.1907129
47.6270304,-122.3115901
37.4546468,-122.2567657
40.1655254,-80.2791319
41.1195478,-81.5370553
40.088201,-82.939863
26.3434237,-81.8135076
43.6863458,-70.2799576
34.6717572,-92.9639579
40.2772309,-75.2815115
39.9436346,-75.1714595
41.9297492,-73.9076536
41.7940307,-87.983891
37.8207055,-122.2595258
40.7860313,-73.728513
37.9056981,-122.3009679
38.8771029,-77.0156338
35.225713,-80.7987467
41.806435,-89.7143957
42.3826406,-71.2194484
41.0355643,-84.0427576
38.6181553,-122.8632247
39.4091797,-76.623938
44.86273,-71.984938
40.3633924,-74.6416132
37.2803939,-121.9917491
30.2930941,-97.7673575
34.0840417,-117.6543411
42.9214888,-72.3784959
34.2378954,-118.5118985
44.487438,-72.688858
34.0860313,-118.3131624
34.0933742,-118.1228092
33.0742444,-117.2656361
42.146653,-88.280391
44.9916484,-93.1357668
37.6940333,-121.8899617
38.6410951,-90.5948565
41.6813658,-72.5716634
42.4191369,-83.7547716
26.503108,-81.9166122
38.8769246,-77.1213501
44.9723507,-93.2789937
40.9925089,-73.8697659
34.185312,-118.5597797
37.2998928,-107.8774549
37.3893634,-121.8541611
41.6838293,-72.9073332
35.2110891,-80.7661779
41.284439,-73.564712
42.226241,-122.807316
36.451179,-94.259358
43.1170027,-123.5162104
40.051361,-77.490967
40.1830257,-92.5756541
42.053365,-87.849343
40.82537,-73.475116
29.709313,-95.4135079
42.0605126,-93.8971085
35.150868,-90.005482
38.7870824,-77.1086736
41.8847047,-87.6180254
39.8991002,-86.1280102
32.2722992,-110.8170134
34.0182084,-118.5005688
30.425705,-91.170043
42.2736369,-71.0638526
40.012332,-76.760575
43.2405805,-77.4905751
30.05,-94.08
39.0013081,-94.7756728
37.2505071,-121.9989687
32.8216115,-79.8193887
42.4181706,-71.1858944
41.6016983,-70.9339365
29.6322255,-82.3374022
33.8834091,-118.4084995
41.8893735,-87.6168504
35.8280294,-78.9109341
38.9823335,-77.1049476
43.3343078,-90.4006714
29.48272,-98.464495
41.4923517,-73.341495
41.5470091,-72.6579791
44.8599699,-123.024152
41.3004599,-81.3694577
45.4791536,-122.5984812
44.9462954,-93.2889568
37.8356596,-122.256209
43.4284925,-71.975699
40.71088,-74.29808
