41.6267058,-83.7505806
47.6256075,-122.1366211
44.015398,-92.520893
34.1599999,-118.28
26.4717962,-81.9545132
42.7041955,-78.6811503
39.9196576,-75.0592862
42.3651152,-90.0978241
35.8785651,-97.4579714
44.540121,-123.3676014
35.9739923,-78.9504573
36.4704514,-94.2128337
42.4262224,-76.4990172
38.4633918,-122.6727494
39.025235,-77.275985
40.2071367,-75.3520851
44.961374,-89.6787939
40.4147822,-86.8878429
40.0509786,-75.1882215
40.7982857,-73.9729866
38.712241,-90.4698791
45.0029971,-92.9816947
40.9776884,-74.1321561
42.556952,-70.887837
40.7746765,-74.2635658
37.84761,-122.2520052
33.0179026,-97.0233709
42.3615777,-71.1092822
34.0988421,-118.3569419
42.1713504,-72.6524611
40.8000368,-73.9693392
45.413776,-122.71227
39.4072013,-77.4404677
39.9758012,-75.568396
40.9051828,-73.9630172
45.5424719,-122.5844
32.2809129,-110.8848265
44.793722,-93.509474
29.132816,-80.958266
44.3098209,-69.8035248
37.29,-76.51
44.85264,-93.415004
35.0936716,-106.5700684
32.73612,-97.424512
40.4172662,-74.376749
42.3699602,-71.3090051
43.0852519,-87.8827311
40.718015,-73.9052339
37.9235565,-122.3042839
32.9690253,-96.6868966
35.3270724,-119.0834552
37.3834137,-122.0552703
42.4163679,-71.1756235
30.0009529,-90.1178325
42.1060869,-87.8348074
41.691536,-73.765152
37.6469354,-121.7656086
37.7917322,-97.6250466
47.4667264,-122.2572812
40.7758955,-73.9778987
41.1055625,-98.0064161
40.970697,-74.096456
38.9903692,-76.8429233
42.002154,-87.695217
38.6527488,-90.2978937
27.9179474,-82.7697083
41.037453,-81.804378
42.996211,-89.443367
29.6576322,-82.3242674
41.9419653,-72.6012723
26.6273882,-81.9719923
47.711595,-122.295809
42.311624,-71.100671
35.7491458,-81.3460145
30.4751559,-84.2782167
42.5821881,-83.3245789
39.6004934,-106.002392
41.3295609,-89.2054375
42.3172407,-71.2050878
39.146963,-84.28203
40.0314659,-105.2786463
41.467982,-81.49861
40.670879,-73.978769
38.267833,-85.646792
48.0595324,-122.1296829
37.4099386,-121.8739818
41.8555841,-87.7876501
43.109963,-89.637845
37.2264379,-121.9905638
25.7377682,-80.2628894
40.1048654,-75.4127879
32.3537183,-106.7517842
38.9308353,-77.0829878
42.3247412,-71.2199423
47.5657963,-121.9030571
37.3599731,-122.0457438
36.1530604,-86.5936534
33.51502,-86.768304
41.026392,-73.561884
33.96545,-118.405164
48.205763,-114.3368164
42.6242404,-75.33156
29.40672,-98.48893
35.7311407,-78.778455
44.864539,-92.633186
34.1654243,-118.0758123
40.7677409,-73.9652267
42.741809,-88.114658
39.739673,-104.930705
38.5697227,-121.7268496
35.889733,-79.049434
40.724777,-73.9848786
39.7395605,-75.6644412
47.907768,-122.540481
40.8525349,-73.9389952
38.963745,-77.079537
39.0888406,-77.2434434
39.9004024,-75.3467509
40.5800618,-73.9696468
29.5216054,-98.4292431
41.035363,-73.693322
36.0826734,-79.526628
34.858156,-111.797509
39.9823042,-105.2523531
39.9097432,-75.4518169
32.062867,-82.908148
35.1161029,-120.6010499
40.3488822,-90.8145803
46.958013,-94.325134
40.7507032,-73.9768459
40.4952852,-74.5502558
38.3994977,-121.4152815
40.8726892,-73.9823329
40.6585726,-73.6273034
34.7460639,-112.0237939
40.5612605,-79.9412935
39.0302451,-77.0936957
31.075236,-97.385941
40.8545472,-73.9391909
44.0293446,-92.6438787
45.5303759,-94.1342139
42.988104,-87.9722501
41.7102731,-70.7540965
40.055047,-75.19681
33.690712,-117.969437
40.6965402,-73.9969675
41.0768144,-73.8540377
39.3900248,-76.7075387
45.1218624,-93.3280877
44.9759118,-93.2449336
40.8190839,-74.109949
41.3344764,-89.0918782
36.8347787,-121.3800631
40.8013572,-73.9704204
40.8747942,-73.1613233
36.6062585,-121.8384091
40.725836,-73.710396
41.8209334,-72.2870789
37.2699797,-121.9298569
39.3253786,-77.7388818
40.2122332,-74.8605884
41.7183289,-70.1932287
42.567661,-71.739696
34.6507649,-118.2461345
41.3683994,-72.9051963
41.6823578,-86.2206162
36.5255722,-87.2013503
37.9651385,-121.9959011
41.7584437,-72.5455953
41.2572558,-95.9296926
40.6979253,-73.556343
37.2813718,-121.971626
44.9742408,-93.3099409
48.7663976,-122.4938067
42.7596582,-71.0353607
40.871724,-73.837099
38.285432,-85.6508039
42.0563332,-71.5941511
34.0858393,-118.3894473
39.1535534,-121.0522962
40.3550168,-74.6161145
42.043442,-93.634792
40.074219,-75.134348
39.6929352,-105.1403102
39.955915,-76.969931
44.0794921,-87.6861728
42.4172812,-71.2441967
42.356653,-83.3058439
38.246307,-122.9055518
37.5820616,-122.4809906
37.5873703,-122.4987539
40.7164281,-74.3485673
41.3196253,-73.8009031
41.902686,-87.625161
40.750426,-73.3371
25.675274,-80.317897
42.260363,-83.675001
43.7616301,-71.7059951
42.4975669,-70.922548
42.9727757,-85.7253202
42.0482069,-87.6855821
37.4538476,-122.14241
33.50574,-86.759613
41.1450701,-74.0674852
40.7163105,-73.831473
29.6001848,-95.6791659
42.073729,-87.729367
38.8645331,-77.177583
41.488816,-81.587727
33.842579,-84.171801
37.9610828,-122.5512215
37.3496361,-122.0288535
43.7146334,-98.0212033
39.9137522,-75.4564589
38.9143899,-77.4176319
32.8530431,-96.9545158
40.4571347,-111.759535
38.777492,-77.27739
39.951515,-75.4656866
44.917217,-122.9830581
48.4106373,-114.3352652
32.2021,-110.946938
38.8707969,-77.0983311
43.8637834,-69.6341663
39.237467,-76.980597
35.9580671,-79.0556567
39.7078435,-86.1037378
40.8787824,-73.9147502
33.795909,-118.2944784
40.8540189,-73.9044763
34.1645405,-118.3593761
43.0253748,-89.4275928
39.100575,-84.382022
41.910841,-73.738927
44.8493373,-93.3303139
35.5407655,-105.9610483
41.2580019,-96.0394756
37.8091721,-122.231451
42.512718,-76.548013
40.7245281,-73.4703623
47.779017,-122.270634
38.9476934,-77.0947812
35.213643,-89.834729
42.329127,-71.2046578
39.2615606,-121.0160594
31.933859,-81.07209
42.7798035,-70.8247837
42.6899509,-82.9851005
41.20828,-74.608135
40.7765096,-73.952023
40.721094,-73.871951
40.7070024,-80.0702354
39.8568436,-105.161713
38.962124,-90.278221
41.889359,-87.794026
45.5449974,-122.6509237
35.065728,-85.571831
