30.4365122,-91.0959185
38.6489305,-121.2358579
39.9503372,-75.1750789
40.7305539,-73.9930526
35.153155,-120.575991
33.058651,-117.294832
39.260678,-76.757806
33.9485407,-117.3536449
26.450626,-80.163922
37.9752709,-122.5729209
37.0118227,-77.8352787
46.7457313,-116.9699246
42.3756767,-71.2014748
39.6653572,-105.0266582
38.9125367,-77.1690463
42.1135783,-83.5924997
27.990343,-82.725278
42.1739585,-87.8416571
42.7350516,-84.5605928
40.784857,-73.337011
27.7455812,-80.3950212
42.9759905,-78.7099072
42.4548201,-71.3538932
37.5244075,-120.83763
33.8907631,-118.334534
41.7643994,-72.745841
42.0177322,-89.3385461
40.7707224,-73.9602907
40.741464,-73.7593224
42.3892049,-71.1252707
38.8928935,-77.0162336
44.35965,-72.748769
30.4572306,-84.2835037
38.4153435,-82.3220093
27.7575772,-82.7397545
40.4525909,-79.9463641
40.071084,-80.682384
40.7765728,-73.9875955
38.0492678,-78.4921089
47.497531,-122.379048
44.2098011,-69.0647593
34.1280116,-118.3796618
35.0711334,-120.5802827
41.9488868,-87.6441458
38.5766785,-121.4542651
26.8660838,-80.0542738
33.5792753,-111.9046744
39.8708675,-76.1924465
44.9715739,-93.2799603
39.0385184,-77.5042603
41.1698228,-73.7530758
34.8069739,-82.914591
33.7330458,-118.0356321
41.8775499,-87.6295507
42.0074073,-87.6968269
42.198865,-85.6881739
37.4125707,-122.1635551
40.5891606,-73.7890609
37.9475727,-122.3465197
35.0912083,-106.6145181
40.8475345,-74.2814101
41.5495858,-89.1267044
36.1197578,-80.2665329
40.1814555,-74.9179888
27.1925174,-80.2500301
30.385769,-91.113908
42.7365699,-72.1643291
47.6230376,-122.3077133
39.6043936,-104.912575
37.401592,-122.198508
39.546514,-104.721141
44.9618233,-92.7111279
32.7470417,-97.3778183
34.266698,-119.199398
40.60263,-75.513221
41.4216552,-73.4233823
37.5442464,-80.6818942
47.929508,-97.038687
42.3170568,-71.1406262
41.6527794,-91.5207289
45.0896706,-93.1249372
41.0266833,-73.7477695
42.5209203,-70.9206622
41.3967808,-81.7574395
40.856534,-74.275964
38.9770213,-77.0649356
45.7995429,-108.586194
42.4891941,-71.308036
26.2923203,-80.0815682
33.796216,-117.818397
38.7662055,-77.0920879
29.7604124,-95.4592691
40.9758959,-76.8834579
40.8630254,-72.9687204
32.9997451,-117.2725388
43.393178,-87.874718
44.596895,-123.2561319
29.160807,-81.0289123
33.1885526,-97.1161108
37.1224473,-76.4810012
40.4967738,-78.3848266
33.757095,-117.786315
40.8127336,-73.9579951
39.282414,-84.447991
40.9625791,-72.2541441
34.1125976,-117.7042487
41.339849,-71.770114
41.9508336,-88.242369
41.0575241,-73.578542
39.6217723,-77.0025039
37.5351008,-122.2901833
38.8727449,-77.0187373
34.3932793,-119.5145347
29.6583026,-81.5984139
42.2509299,-83.7146999
40.715819,-74.307204
42.3817734,-98.529965
39.3484916,-74.457712
43.6041557,-116.2972048
37.4152903,-122.1133343
38.668114,-77.342136
42.3439265,-71.082148
38.8893677,-94.7292128
32.226593,-110.826925
26.1623855,-81.7910587
42.0722513,-87.7228384
41.83306,-71.402379
35.030705,-120.55792
40.775111,-73.9886025
40.8254785,-74.1028322
35.125653,-80.846997
40.6632396,-73.6505709
38.765581,-77.089329
43.6147307,-116.2658939
33.673253,-117.951672
37.3901571,-122.0179686
44.9932715,-93.2679394
40.693684,-73.996306
39.0485964,-76.9472201
39.354596,-76.6331019
43.2450029,-78.790485
34.446033,-78.005568
38.835473,-77.107272
35.362035,-82.55731
37.4104941,-122.1542759
40.9035124,-73.5591577
41.4947019,-72.277752
42.5429633,-83.2391027
40.1041877,-75.0909676
42.7846265,-71.0048962
39.9868058,-105.2593165
37.7802895,-79.4535314
38.9207765,-77.0923915
41.878578,-87.7761389
37.3993932,-122.1972272
38.681798,-85.917743
37.5670691,-122.3419977
37.8843209,-122.4707535
34.2419509,-117.2855993
35.9,-78.75
41.8694865,-88.0836662
40.7743309,-73.9547342
46.8458279,-114.0050737
30.1854579,-95.5246587
42.9185779,-85.5856149
33.8400623,-84.3588298
41.396762,-81.286597
34.0076937,-118.4015487
40.555495,-79.872791
40.3213154,-76.009839
42.2618369,-83.1346419
40.8298427,-73.8508029
32.441938,-99.6992761
41.3015431,-82.2144837
39.7710453,-75.7260997
27.439436,-81.403876
42.9118071,-88.0404843
39.064682,-76.865478
44.3985681,-73.2290489
36.0420466,-79.1278156
38.652682,-90.312168
35.043152,-106.498802
39.9483331,-74.3573939
38.8363157,-77.110593
40.848399,-73.938991
37.3607286,-122.0953586
32.1528231,-80.7470694
48.2028008,-116.285225
40.7762044,-73.9484361
39.1720479,-85.041314
38.5586168,-121.4317125
40.7877039,-73.9806073
33.7705139,-118.187732
40.1086923,-75.1141248
46.7436733,-117.1792483
40.7368607,-74.0096127
35.0999854,-120.5783478
39.6409325,-84.0384794
38.9646118,-77.3429564
29.5433007,-81.2322245
42.6723391,-73.8180521
38.7628734,-77.281239
32.8157094,-117.2588535
40.909638,-73.347788
34.1749447,-118.8912999
39.7156227,-105.0992161
39.8945999,-74.6935
40.9711498,-111.8765139
41.030196,-73.6542462
32.8040166,-98.145659
42.5449123,-83.293132
40.064637,-75.194059
44.021617,-121.343558
38.6976683,-76.2131474
42.1125749,-75.939402
40.7024581,-80.1182715
40.0550459,-75.1185423
26.9806678,-82.1017143
26.2471283,-80.0966155
40.8049868,-73.9675111
41.8937396,-70.6030095
39.8306756,-105.1539452
48.0830895,-123.2865961
40.6861261,-73.6714768
41.491226,-73.9592906
43.0463628,-89.480424
40.1734661,-74.8819075
38.8670075,-77.2482021
41.991212,-88.6955163
37.848382,-122.480176
40.6375174,-74.3582653
32.7473618,-117.0696044
39.0164083,-77.0896015
34.0762467,-118.5999986
41.6943135,-71.4447164
41.6056036,-84.6325169
40.896153,-73.874013
40.7903742,-73.9661704
40.4148248,-74.4388136
40.793335,-73.6668905
40.0645979,-75.118281
42.988238,-76.594621
32.2222296,-110.9951363
47.1904774,-88.4134543
42.6981347,-73.8741749
33.9645234,-84.4170405
41.4887584,-81.589075
47.7066134,-122.3003747
40.073675,-75.204682
40.7732377,-73.6249144
