37.9099664,-84.7494828
26.3477847,-80.1415021
33.9919098,-117.9870645
32.240289,-111.0294075
34.4530465,-81.8777675
42.4995621,-90.667389
39.9387663,-81.9894103
38.666865,-77.1750922
40.579733,-79.925561
32.5363338,-94.3184168
37.986859,-84.487533
41.6238164,-71.0735516
34.7451553,-80.1828414
40.7140099,-73.978862
33.6704522,-112.2879053
40.789841,-74.2138494
41.4757715,-81.5622612
39.2897086,-80.2506316
30.6734588,-81.4497974
43.2283532,-71.514264
42.9027,-85.7287866
43.0841464,-89.447201
40.9406049,-73.7592261
41.857058,-71.393365
45.4770127,-89.6829253
46.1966323,-119.1997997
37.3299852,-121.7795111
34.87,-111.76
40.0258624,-76.0695761
44.0762659,-93.2308601
42.133793,-76.903027
40.5544512,-105.0927487
41.4970155,-81.9700324
26.63,-81.95
33.7864543,-118.3687656
26.3777471,-80.1351076
33.634984,-112.279208
42.213746,-83.606285
40.7201416,-73.9867264
34.0887762,-80.8858994
35.465236,-86.076373
34.95559,-81.157126
47.7556015,-122.2068756
39.9844111,-74.9483891
43.6812512,-72.3011743
43.1562795,-89.2822124
40.5339489,-79.8883502
41.7885012,-72.879522
40.1114093,-75.0685654
38.039455,-121.3312598
42.3917103,-71.1671469
38.6560769,-90.3496018
38.9454996,-92.3612684
33.6251422,-117.9377172
42.4470263,-71.3193077
40.7316522,-74.004198
39.5588103,-105.0338381
36.476887,-121.937288
41.084791,-73.921003
39.324348,-84.228095
37.6511213,-121.8816644
41.5596042,-71.0644757
42.4686058,-76.4852368
41.4468772,-73.4074982
35.08949,-106.657554
42.1396033,-88.2237264
31.279077,-89.438554
45.4316759,-84.9919992
40.1993531,-75.068768
47.5701208,-122.219152
40.7487194,-73.9783126
35.647418,-82.5876229
34.0785294,-117.678805
40.9999683,-73.8704631
42.2985008,-71.7101371
37.7578707,-122.3984761
41.4525759,-81.9223738
27.5451136,-82.4791132
40.9253776,-72.2781375
45.5261203,-122.6751237
41.4474461,-81.6359015
40.7895098,-73.4908194
42.1906404,-122.6981114
39.4462021,-74.5083669
40.6285809,-73.954196
41.8565223,-88.3240011
41.4404366,-97.3576949
38.348844,-122.695247
44.5272178,-89.5071961
41.3407046,-73.4939369
28.0008319,-82.8273838
43.5290003,-89.8158905
35.088524,-106.630269
43.992605,-73.153378
33.8777675,-84.2653643
38.863923,-77.271469
37.5412728,-76.4086892
41.3568253,-72.392207
40.9594039,-73.9973328
38.262725,-122.0384407
38.9117216,-77.0369577
41.9024133,-87.7787887
42.2894293,-71.2969375
35.8243113,-84.3468198
44.9952302,-93.2559709
43.9244634,-103.5165095
37.7855853,-122.4264471
42.5700417,-71.2301649
33.589833,-112.123796
43.101752,-87.899284
29.8341026,-81.3125922
37.8382504,-122.2280712
38.7283829,-121.2504886
33.0643712,-112.0299609
37.242453,-121.910505
31.7878937,-106.4357524
30.5973331,-81.5572294
32.88938,-79.786499
37.7330319,-122.4596814
41.7105685,-83.7052723
44.902107,-93.410219
39.4036102,-119.7964118
40.03869,-85.675168
40.8964624,-73.8112956
39.7520134,-105.1290525
40.7026294,-80.1184014
41.6848989,-86.2565147
38.0289838,-78.4385348
44.932356,-93.379945
41.175572,-95.92025
43.8073098,-69.992644
38.915785,-77.0427727
40.7326726,-73.8602993
34.8095263,-82.246043
40.4060044,-74.1127415
43.66471,-70.29347
42.3249768,-71.2691193
38.8490433,-94.2965981
42.5619077,-87.8168351
41.2865843,-73.9102017
42.4304619,-71.0318417
41.1609304,-73.2931354
38.9228204,-77.1310385
39.3956416,-76.6423079
44.878594,-93.346912
42.4940439,-71.2693282
33.7244715,-84.5078973
43.0709269,-71.4498835
26.1638349,-97.6378895
33.8082371,-117.7921538
40.449013,-79.952569
33.6835709,-117.3841721
35.821823,-78.68906
43.1236081,-77.6038754
29.7578721,-91.4307158
38.3975883,-78.8342282
41.822994,-69.98459
40.0596356,-83.0207051
38.9636695,-77.0924178
41.2169998,-73.2656409
35.642849,-82.575663
44.0857652,-87.6806162
42.0383045,-72.5856506
38.6433319,-90.2638819
38.9292231,-104.8436333
40.7788668,-73.9524683
33.6913673,-112.0391566
37.4180218,-121.8709397
33.9658313,-84.5517156
38.9969229,-77.0070471
33.5143617,-117.6648558
38.7715843,-75.1399493
34.0646633,-84.3709304
26.30489,-80.133778
26.535363,-81.936679
40.9829813,-73.7904084
40.8701576,-88.6273415
42.2211499,-70.807292
37.9536111,-122.0217887
38.9709379,-77.0086259
40.7786024,-73.9800202
40.4667106,-74.332075
30.4359182,-97.8265708
37.441753,-122.1747905
41.122184,-73.744845
41.5568298,-73.2497821
41.0880149,-73.5411619
39.6895613,-104.9864146
34.1938411,-85.188673
40.6703253,-73.9724152
42.6000129,-70.8345358
42.7978974,-71.6009346
37.1609878,-93.2295409
41.6926522,-71.4258049
42.199752,-76.560116
33.8356229,-118.3881188
41.160053,-73.984016
24.8240255,-80.8136783
42.712348,-83.280693
32.7206984,-117.1246976
40.9374008,-82.0332897
37.7618242,-122.3985871
42.090502,-72.570993
40.7663503,-73.9634601
40.846883,-73.9689072
37.9948558,-76.7092482
41.1085795,-73.515435
44.9726944,-93.1301553
40.765687,-73.773766
37.9941676,-122.0655326
41.5441238,-73.4912614
38.7888402,-90.3895292
34.9022482,-110.1581768
39.0033332,-76.8756123
39.246698,-77.254149
42.7793509,-88.9469926
42.1240135,-87.8400143
39.5792976,-104.9195432
40.8937477,-73.9112415
40.0867314,-105.3361574
33.7184595,-118.29831
40.0568842,-86.0472056
41.4442476,-81.8594616
34.0448458,-118.3809083
36.0398622,-115.0923845
41.3073808,-72.8926439
40.8068734,-74.3148299
42.8020708,-71.5975283
40.7175626,-111.4918319
32.7967804,-117.0473136
37.9927536,-122.4579499
40.7882551,-73.9550364
41.8745691,-85.1951403
42.8490791,-106.2840038
38.4576023,-122.7144722
38.0744456,-78.4880543
41.6120707,-81.4429228
40.5023854,-79.8435204
42.6223538,-70.8790848
43.2193619,-77.5948389
33.0990722,-117.3098586
27.2873757,-80.4071457
40.856259,-73.9349422
33.547212,-81.720253
43.130829,-70.9242341
40.5499724,-79.9902914
35.082661,-76.9558519
37.4177563,-122.1235054
42.347768,-83.825894
38.9378249,-77.2896928
40.004259,-75.289432
