7,(44.03546399999999, -121.3313458)
7,(46.83494610000001, -105.12139560000001)
7,(47.87729769999999, -122.278718)
7,(47.864851, -122.21188199999999)
7,(45.5643856, -122.83256390000001)
7,(44.2726203, -121.1739212)
7,(40.88833300000001, -124.09476800000002)
7,(47.724417, -122.114797)
7,(45.457116, -122.558786)
7,(42.2356842, -122.7751193)
7,(48.7298759, -122.4661065)
7,(44.07, -121.30000000000001)
7,(47.077024, -122.944888)
7,(45.59418370000001, -122.330615)
7,(47.8648243, -122.27940270000002)
7,(44.013694, -123.121265)
7,(53.528345400000006, -113.53287760000002)
7,(45.5112191, -122.6767722)
7,(47.4337157, -111.3168991)
7,(47.2594452, -122.06115339999998)
7,(45.5607029, -122.85560369999999)
7,(45.5278908, -122.8642712)
7,(47.6748472, -122.31256519999998)
7,(47.8477507, -122.1995455)
7,(47.7158205, -122.37399210000001)
7,(47.0015869, -114.4734549)
7,(47.0482987, -122.7459659)
7,(44.080298000000006, -121.309033)
7,(47.521607700000004, -122.2053899)
7,(45.8404101, -119.28946040000001)
7,(44.017805, -123.09039500000002)
7,(47.672572100000004, -122.3566958)
7,(47.5478384, -122.2279326)
7,(44.0351243, -123.09594340000001)
7,(44.8788266, -123.02007409999999)
7,(45.53184699999999, -122.64819859999999)
7,(47.747736999999994, -122.53433699999998)
7,(44.6203953, -117.8733076)
7,(44.9451845, -123.00962069999999)
7,(44.12724589999999, -123.14735430000002)
7,(47.702060800000005, -122.3736793)
7,(44.0768642, -123.1126351)
7,(45.35913020000001, -122.6007028)
7,(45.408001000000006, -122.774339)
7,(46.17227350000001, -123.8213805)
7,(47.717351, -122.366792)
7,(48.439043, -122.31497)
7,(45.6876529, -122.6891088)
7,(48.7238307, -122.49489270000001)
7,(43.355668, -116.55730200000002)
7,(46.850505, -122.94114099999999)
7,(45.5139553, -122.6807706)
7,(47.718332399999994, -122.03273280000002)
7,(47.5446669, -122.26634900000002)
7,(47.6105591, -117.3825718)
7,(48.549687000000006, -109.68105300000002)
7,(44.5878469, -123.33926500000001)
7,(47.312777, -122.33239079999998)
7,(42.5776364, -121.8661258)
7,(47.6762364, -122.3079423)
7,(45.458001, -122.68202959999999)
7,(42.4073334, -124.42177409999998)
7,(47.596802, -122.2905714)
7,(45.1857782, -109.2468211)
7,(47.6640542, -122.1931886)
7,(45.79793850000001, -108.5158786)
7,(47.6654979, -122.36993)
7,(40.7584842, -124.15176759999999)
7,(44.0275817, -123.0748417)
7,(47.76665400000001, -122.30578900000002)
7,(42.345031, -122.96299980000002)
7,(44.0225276, -123.092387)
7,(46.7309534, -116.9859523)
7,(46.6620478, -122.96401750000001)
7,(47.954343200000004, -122.24130440000002)
7,(45.4597271, -122.86689459999998)
7,(48.3882861, -115.5559988)
7,(47.6131079, -122.769551)
7,(44.9218636, -123.04634819999998)
7,(47.1806268, -122.2633594)
7,(48.4154108, -123.3663939)
7,(47.7045708, -122.30550099999999)
7,(44.8687969, -123.0231468)
7,(45.5018732, -122.76348180000001)
7,(47.0189927, -122.8995731)
7,(47.62604389999999, -117.40915979999998)
7,(42.4420382, -123.3121663)
7,(46.2118802, -119.24014080000002)
7,(45.6555563, -122.60377159999999)
7,(46.5950363, -120.5556481)
7,(42.3260783, -122.80568230000002)
7,(48.821639, -122.35406399999998)
7,(45.225575000000006, -122.56586200000001)
7,(47.295842, -122.858124)
7,(47.7143938, -122.33642009999998)
7,(48.009537, -122.52598300000001)
7,(41.7354186, -122.6344709)
7,(47.8966025, -122.16689450000001)
7,(43.218333, -123.39728100000002)
7,(42.880437, -112.39752800000001)
7,(47.7206746, -122.35552719999998)
7,(47.9479906, -122.21931890000002)
7,(46.89162520000001, -114.0456531)
7,(47.7041055, -122.55619660000002)
7,(47.398979, -122.21242899999999)
7,(44.87218510000001, -124.03933699999999)
7,(44.010789, -123.086629)
7,(45.383602, -123.01078800000002)
7,(45.530197, -122.70835)
7,(48.41742700000001, -122.299806)
7,(45.6783574, -118.79177990000001)
7,(45.4751131, -122.7095748)
7,(44.08463830000001, -123.036043)
7,(44.664247, -123.22559200000002)
7,(42.1909464, -122.71291200000002)
7,(48.239042, -116.54275689999999)
7,(45.806220999999994, -108.653641)
7,(44.0709117, -121.3620359)
7,(45.43025560000001, -122.6451064)
7,(46.74573130000001, -116.9699246)
7,(47.497531, -122.379048)
7,(47.6230376, -122.3077133)
7,(45.799542900000006, -108.586194)
7,(44.596895, -123.25613189999999)
7,(43.6041557, -116.29720480000002)
7,(43.6147307, -116.2658939)
7,(46.8458279, -114.0050737)
7,(48.2028008, -116.285225)
7,(46.74367329999999, -117.17924830000001)
7,(44.021617, -121.343558)
7,(48.08308950000001, -123.28659609999998)
7,(47.7066134, -122.30037470000002)
7,(47.01631979999999, -122.9194403)
7,(45.3557597, -122.75083540000001)
7,(47.424639899999995, -122.210968)
7,(47.5871734, -122.16827850000001)
7,(45.659894, -111.024603)
7,(43.290759, -123.26088600000001)
7,(47.606764999999996, -122.1582417)
7,(47.9251113, -122.05864749999999)
7,(47.150433, -122.561929)
7,(42.2793208, -123.6161053)
7,(45.6610427, -111.0147184)
7,(48.0386407, -122.41162110000002)
7,(47.8202983, -122.321617)
7,(45.6775195, -111.0312364)
7,(47.7213137, -122.21498639999999)
7,(44.5735631, -123.2650544)
7,(44.581287, -123.2873162)
7,(44.556824, -123.32440900000002)
7,(47.1988033, -120.9403275)
7,(45.4776975, -122.56062020000002)
7,(46.45771250000001, -110.3141096)
7,(46.60650100000001, -121.6706437)
7,(47.62703040000001, -122.3115901)
7,(42.226241, -122.80731599999999)
7,(43.1170027, -123.51621040000002)
7,(44.85996990000001, -123.02415200000002)
7,(45.4791536, -122.5984812)
7,(45.34528399999999, -122.698781)
7,(45.54499100000001, -122.6487124)
7,(45.5322362, -122.6489599)
7,(47.6781174, -122.30903910000002)
7,(47.7424492, -114.2261578)
7,(47.9949267, -115.77829789999998)
7,(45.374159600000006, -122.6433639)
7,(42.3432468, -122.829628)
7,(45.56485490000001, -122.6644453)
7,(47.4692222, -122.35795229999998)
7,(45.5476003, -122.6383108)
7,(47.2893863, -122.5207024)
7,(45.5427959, -122.64497450000002)
7,(47.5298609, -117.25561200000001)
7,(47.62753940000001, -122.52506280000001)
7,(42.5565027, -114.4729233)
7,(43.5873149, -110.8269876)
7,(45.1473445, -122.5770322)
7,(45.441665400000005, -122.5983257)
7,(47.6351782, -122.1720948)
7,(45.6112793, -122.6724852)
7,(41.049487899999995, -124.10460700000002)
7,(46.9838031, -120.53567449999998)
7,(47.10895200000001, -121.60850000000002)
7,(42.176887699999995, -122.6566863)
7,(46.869369899999995, -114.001679)
7,(47.5245061, -122.37984880000002)
7,(47.63975, -122.413459)
7,(44.290949100000006, -121.54921190000002)
7,(47.62161290000001, -117.3851234)
7,(47.027901, -122.953485)
7,(42.278828, -122.890989)
7,(40.8738006, -124.0879571)
7,(47.42879440000001, -120.2854193)
7,(44.378466, -120.727857)
7,(47.6272025, -122.323238)
7,(44.0486329, -121.34843920000002)
7,(45.306955599999995, -122.9659547)
7,(47.6160688, -122.32525019999999)
7,(47.679546, -117.37856830000001)
7,(48.477923200000006, -120.1861956)
7,(47.35184360000001, -122.1644141)
7,(47.5116792, -122.1602825)
7,(45.4064969, -122.47690170000001)
7,(45.4852243, -108.97042650000002)
7,(44.93572030000001, -123.02087840000002)
7,(45.5027317, -122.8564381)
7,(44.6897486, -124.05550800000002)
7,(45.4622342, -122.6339465)
7,(47.078963, -122.93046700000001)
7,(44.91661510000001, -123.0339916)
7,(45.72052850000001, -122.6377432)
7,(40.763565, -124.120407)
7,(46.561205, -112.173034)
7,(45.4707855, -122.6279273)
7,(42.193463, -122.71001140000001)
7,(48.272138, -122.669991)
7,(42.319819900000006, -122.96440460000001)
7,(45.6031424, -122.51276610000001)
7,(47.6974407, -122.35832870000002)
7,(45.5106678, -122.6444073)
7,(47.609306600000004, -122.3363295)
7,(47.6026262, -122.28680869999998)
7,(43.604137, -116.1800655)
7,(47.452565, -120.304587)
7,(45.670296, -111.180585)
7,(45.5333109, -122.6631649)
7,(47.5610249, -122.3541696)
7,(47.6256075, -122.1366211)
7,(44.540121, -123.36760140000001)
7,(45.413776, -122.71226999999999)
7,(45.5424719, -122.5844)
7,(47.4667264, -122.25728119999998)
7,(47.711595, -122.29580900000002)
7,(48.0595324, -122.1296829)
7,(47.5657963, -121.9030571)
7,(48.205763, -114.3368164)
7,(47.907768, -122.540481)
7,(48.7663976, -122.49380669999998)
7,(44.917216999999994, -122.9830581)
7,(48.4106373, -114.3352652)
7,(44.2676202, -121.26633420000002)
7,(47.779017, -122.27063400000002)
7,(45.5449974, -122.6509237)
7,(47.2646884, -122.5122742)
7,(48.4353389, -122.32256859999998)
7,(45.5031248, -122.755883)
7,(43.538199000000006, -112.035609)
7,(44.9060509, -123.05665240000002)
7,(47.932185999999994, -122.128872)
7,(47.6072728, -122.29332279999998)
7,(47.6733402, -122.2648245)
7,(47.6467408, -122.31996219999999)
7,(45.6122884, -122.5647325)
7,(47.3352273, -122.82931919999999)
7,(47.687909, -122.17894679999999)
7,(47.7714229, -122.3809006)
7,(46.1966323, -119.1997997)
7,(47.7556015, -122.2068756)
7,(47.5701208, -122.21915199999998)
7,(45.5261203, -122.67512369999999)
7,(42.1906404, -122.6981114)
7,(45.306453000000005, -122.30952100000002)
7,(46.8057085, -114.063235)
7,(46.8508603, -114.0636553)
7,(47.6761049, -122.2966237)
7,(48.1080986, -122.7896654)
7,(47.5949314, -122.14193610000001)
7,(47.7337147, -122.3393961)
7,(47.0012961, -122.82354)
7,(47.61952300000001, -122.333817)
7,(47.5395255, -122.58750480000002)
7,(48.6264638, -112.32804930000002)
7,(45.4331543, -123.9334738)
7,(47.5059034, -122.3288956)
7,(48.1212587, -123.2152791)
7,(47.5094329, -122.47144069999999)
7,(47.61873020000001, -122.19241270000002)
7,(44.95391800000001, -123.347247)
7,(42.501632, -123.505915)
7,(48.569134, -120.195151)
7,(45.5344359, -122.6998057)
7,(45.4172355, -122.6195611)
7,(42.406784, -123.36657600000001)
7,(48.12729900000001, -123.11722299999998)
7,(44.7375929, -108.761133)
7,(44.906183, -116.11713110000001)
7,(45.49746770000001, -122.6703136)
7,(47.5705943, -122.4079929)
7,(46.80995060000001, -116.9766704)
7,(47.3038059, -122.65136599999998)
7,(48.7691736, -122.48756100000001)
7,(47.6785433, -122.2720635)
7,(45.5356616, -122.71858950000001)
7,(47.033209899999996, -122.89937000000002)
7,(47.6380618, -122.3717224)
7,(47.60302080000001, -122.12700890000002)
7,(44.0239254, -123.1509464)
7,(47.7630087, -122.25263049999998)
7,(43.719947, -116.25689000000001)
7,(44.154086, -122.350774)
7,(48.7096744, -122.45910609999999)
7,(45.4206366, -122.8275288)
7,(47.644683, -122.19056110000001)
7,(47.6383697, -122.4025981)
7,(43.1232339, -115.6861458)
7,(46.8392477, -113.9968715)
7,(47.3882663, -122.6601424)
7,(45.547146, -122.779621)
7,(47.6925739, -122.3744075)
7,(46.860324199999994, -113.9922305)
7,(46.71827630000001, -117.01435599999999)
7,(47.659345, -122.28744)
7,(47.0991041, -122.7645236)
7,(44.082578, -123.14273199999998)
7,(44.749563, -108.741998)
7,(48.115005999999994, -122.09861)
7,(44.0773665, -121.2834807)
7,(45.220993, -112.625606)
7,(45.4867061, -122.6345741)
7,(47.641604, -122.55896500000001)
7,(44.046946199999994, -121.2702823)
7,(46.74157979999999, -117.1831766)
7,(47.50632780000001, -122.17956070000001)
7,(47.667602, -122.188864)
7,(48.101809, -123.08677900000002)
7,(45.641583, -111.022821)
7,(47.4964383, -122.1773346)
7,(47.6359329, -117.3685793)
7,(45.224948, -123.22110699999999)
7,(47.03085750000001, -122.9458566)
7,(45.0025566, -124.00728780000001)
7,(44.0803389, -121.2788579)
7,(40.887854000000004, -124.0777937)
7,(45.5021457, -122.78327230000001)
