5,(39.32083239999999, -76.7521664)
5,(42.4075682, -71.1537865)
5,(40.7366262, -74.40647740000001)
5,(42.4271491, -71.1121597)
5,(39.4062054, -76.5400861)
5,(37.2508019, -79.9808143)
5,(42.340863600000006, -71.1188742)
5,(39.8638739, -77.0275853)
5,(42.1509389, -72.5786209)
5,(39.0512572, -77.1621764)
5,(40.2585363, -74.5154946)
5,(37.7625559, -81.155381)
5,(42.309181499999994, -71.249114)
5,(40.773059, -73.9787863)
5,(40.7832049, -73.976842)
5,(40.71249490000001, -73.94489)
5,(42.3504876, -71.245592)
5,(39.944015500000006, -74.3615628)
5,(40.4287614, -74.5279953)
5,(42.982653, -78.7806142)
5,(41.1536898, -73.3016543)
5,(42.3041029, -72.7731272)
5,(40.6957953, -74.39397610000002)
5,(41.7561236, -72.7162282)
5,(43.7034225, -72.2758203)
5,(40.85721, -73.9349809)
5,(40.6708794, -73.9719932)
5,(40.833961, -73.117133)
5,(38.937261799999995, -77.3935939)
5,(39.3810145, -81.3968513)
5,(41.326685, -73.79859800000001)
5,(39.11153019999999, -77.1719829)
5,(40.748573, -73.9993679)
5,(40.616903, -74.017487)
5,(40.2684819, -76.6561055)
5,(40.8044682, -73.7524335)
5,(39.00335410000001, -77.1298286)
5,(41.752229, -72.5001196)
5,(40.1790056, -80.2477339)
5,(41.63096, -80.610336)
5,(39.0549675, -77.1232997)
5,(40.35387780000001, -75.1962208)
5,(39.869064900000005, -74.9842871)
5,(40.7328283, -73.9871869)
5,(42.36207619999999, -71.108669)
5,(41.0016994, -74.1739054)
5,(40.0060465, -74.783901)
5,(40.194192, -76.886925)
5,(40.641868800000005, -75.2050601)
5,(40.4203019, -79.7526742)
5,(42.1376603, -70.7699506)
5,(42.2815993, -71.1603364)
5,(42.184726, -79.938301)
5,(40.95673330000001, -73.05320340000002)
5,(44.3579929, -73.3911945)
5,(44.41212420000001, -73.1853356)
5,(44.433859, -73.154591)
5,(42.316955, -71.2777113)
5,(38.751861, -77.0523204)
5,(41.6359588, -70.924493)
5,(37.2445113, -80.0063357)
5,(44.404037, -74.081474)
5,(40.853541, -73.6303893)
5,(40.7419949, -74.280961)
5,(40.813564, -73.3362269)
5,(40.5699633, -75.5092316)
5,(43.2403131, -77.6404321)
5,(40.701733, -74.087933)
5,(40.5058065, -74.4141776)
5,(42.72626339999999, -73.6761745)
5,(43.19789169999999, -77.9200352)
5,(40.3469249, -74.3113037)
5,(41.80875400000001, -71.64502)
5,(40.0353778, -76.3035614)
5,(42.10488260000001, -71.0092472)
5,(42.818842999999994, -77.254521)
5,(40.30194879999999, -74.7652437)
5,(39.9600215, -75.187941)
5,(40.58765, -74.1567802)
5,(42.52007210000001, -71.1270703)
5,(40.7935174, -74.0008831)
5,(41.0158242, -73.6222924)
5,(38.7090446, -77.1904651)
5,(39.41222979999999, -79.0033888)
5,(40.724079700000004, -73.9853698)
5,(43.71239899999999, -73.0384289)
5,(40.47077300000001, -74.412228)
5,(40.79990539999999, -77.9015263)
5,(40.8048616, -73.6494348)
5,(40.054553799999994, -75.1394081)
5,(42.3749882, -71.112595)
5,(40.3359573, -74.1112777)
5,(41.1721586, -73.23531570000002)
5,(42.2815995, -71.2387305)
5,(39.217944, -76.0533691)
5,(40.3292607, -80.0163689)
5,(41.3763687, -73.4581877)
5,(42.4261289, -71.165919)
5,(40.63354060000001, -74.3611122)
5,(39.27010730000001, -76.7041704)
5,(40.7310904, -74.279032)
5,(40.7338089, -74.261049)
5,(39.36982630000001, -76.4548626)
5,(39.48324550000001, -80.1732635)
5,(42.341063, -72.6504417)
5,(41.679622, -73.918496)
5,(40.0064743, -75.336378)
5,(41.07950319999999, -73.9186792)
5,(38.91138699999999, -77.046055)
5,(40.77183240000001, -73.6709496)
5,(42.088340099999996, -71.1834227)
5,(43.2091533, -77.4226677)
5,(38.9964395, -77.0890018)
5,(40.9429356, -73.7598333)
5,(41.2229229, -73.4900661)
5,(40.04547800000001, -75.1964409)
5,(40.51181699999999, -74.494153)
5,(43.366382099999996, -70.4312308)
5,(39.872729, -74.9755122)
5,(40.0350113, -75.196974)
5,(41.81392600000001, -72.53213)
5,(40.18796770000001, -77.1550411)
5,(40.7340058, -73.99552350000002)
5,(37.1154652, -76.4381639)
5,(41.831036100000006, -72.678128)
5,(42.261323, -71.2655289)
5,(40.366708, -74.6602908)
5,(37.5883624, -77.4534107)
5,(39.952411, -75.1725126)
5,(40.4049215, -74.026244)
5,(38.680527, -77.034358)
5,(38.344821, -79.036211)
5,(40.0502587, -75.274777)
5,(40.743390100000006, -73.9973776)
5,(40.553696800000004, -75.4419874)
5,(43.68886849999999, -70.2682102)
5,(40.9440397, -74.2512651)
5,(38.831774, -77.24768300000001)
5,(38.6566331, -78.1358877)
5,(40.7731666, -73.9660128)
5,(40.7791157, -77.8754601)
5,(40.949303, -73.757289)
5,(42.900301000000006, -73.911411)
5,(38.8808231, -77.1498316)
5,(42.3463888, -71.1174984)
5,(40.693223599999996, -73.9827568)
5,(42.1261566, -72.6381933)
5,(44.363743400000004, -68.7500351)
5,(39.0116264, -77.0099918)
5,(40.6221589, -74.1317043)
5,(39.58482200000001, -76.320649)
5,(38.98299810000001, -77.1035293)
5,(38.864012, -77.209945)
5,(39.459102599999994, -77.6743067)
5,(41.3178083, -72.9527044)
5,(43.1032758, -77.65271400000002)
5,(40.7247191, -74.0104169)
5,(41.0102369, -73.806687)
5,(43.8318574, -70.20023)
5,(39.064274700000006, -77.1914901)
5,(39.99821359999999, -75.2508229)
5,(42.421937, -76.430345)
5,(42.456876, -71.1669167)
5,(40.0865692, -76.3000564)
5,(42.4216356, -71.2005766)
5,(39.10630969999999, -77.0612878)
5,(40.78688199999999, -72.79908)
5,(42.191059, -75.848108)
5,(42.2871605, -70.8729766)
5,(40.65643570000001, -74.3115869)
5,(39.084892, -76.609887)
5,(40.436278, -74.5328488)
5,(43.1965546, -77.7013928)
5,(36.5889197, -78.9826604)
5,(41.1712668, -73.4660501)
5,(40.21311360000001, -76.9662644)
5,(39.7721702, -75.6033523)
5,(40.6530207, -73.6463042)
5,(43.7974761, -72.3677484)
5,(41.7675726, -72.7447582)
5,(41.8470077, -72.50302680000001)
5,(41.71454550000001, -71.1274745)
5,(40.804295499999995, -73.9654585)
5,(42.2524644, -71.0845614)
5,(38.805623, -77.040531)
5,(40.808715, -73.9591834)
5,(40.7239216, -74.2757965)
5,(42.4605336, -71.4625619)
5,(41.7659196, -72.7435979)
5,(43.1075641, -75.2546098)
5,(42.424464, -71.211446)
5,(40.4497458, -79.9332561)
5,(41.402188200000005, -73.55821390000001)
5,(42.75395910000001, -76.7024485)
5,(39.073071, -77.181232)
5,(40.733000800000006, -74.0005218)
5,(38.96, -77.09)
5,(41.1317476, -73.8371289)
5,(41.057383400000006, -75.3400233)
5,(37.2387556, -76.5096731)
5,(40.793773099999996, -73.9690284)
5,(40.651116699999996, -79.9391501)
5,(39.0467311, -77.3900528)
5,(39.653864799999994, -75.7457332)
5,(40.997877300000006, -72.2925819)
5,(39.22351200000001, -76.8645633)
5,(39.9992912, -75.3334567)
5,(42.3937499, -71.1137043)
5,(38.883444, -77.2134224)
5,(40.4985218, -74.4219715)
5,(41.420041000000005, -73.932613)
5,(38.9728573, -77.0153691)
5,(42.776617300000005, -73.8789442)
5,(41.6764623, -72.92940190000002)
5,(40.70913269999999, -74.0046585)
5,(38.911146800000004, -77.0877193)
5,(42.551598899999995, -70.9698379)
5,(40.3867757, -80.0577859)
5,(41.5402609, -80.3162639)
5,(42.2919889, -71.7035895)
5,(40.453088, -79.8555478)
5,(41.659075699999995, -72.5981087)
5,(41.0342652, -76.8484045)
5,(41.23156770000001, -73.8680307)
5,(41.484405, -74.264753)
5,(40.6417683, -74.8359987)
5,(41.0144446, -73.7597249)
5,(44.516926, -73.26783100000002)
5,(42.8633263, -71.9525852)
5,(40.3403604, -80.049267)
5,(40.736892600000004, -73.9941044)
5,(38.982604499999994, -77.1015932)
5,(40.781259000000006, -73.7961541)
5,(42.8921071, -77.282191)
5,(39.7248983, -75.6654548)
5,(42.3724054, -71.5508804)
5,(40.9009653, -73.8150512)
5,(42.47454390000001, -76.4902522)
5,(40.2028709, -75.24816)
5,(40.510644400000004, -74.2429303)
5,(40.68650490000001, -73.9969629)
5,(41.043351, -73.86191)
5,(40.21149770000001, -74.7879399)
5,(40.127572, -76.776116)
5,(40.7743077, -73.9798691)
5,(41.03301830000001, -73.6401047)
5,(40.8033221, -73.9641459)
5,(40.79516799999999, -73.9720177)
5,(38.90944240000001, -77.0484249)
5,(40.6705599, -73.6821077)
5,(40.2979437, -79.4677851)
5,(41.951734, -73.766965)
5,(40.59147200000001, -74.714601)
5,(42.4431837, -76.4954959)
5,(42.360725, -79.487595)
5,(40.70448, -80.1180152)
5,(37.6510009, -77.4106425)
5,(41.264915, -72.7735453)
5,(40.23504059999999, -75.2550777)
5,(43.0252487, -72.4354306)
5,(38.8738372, -77.4146334)
5,(40.874473300000005, -73.90287460000002)
5,(38.7926121, -77.2384701)
5,(40.8072148, -73.9477233)
5,(41.022922, -73.74348800000001)
5,(38.642680000000006, -77.0030309)
5,(42.3953773, -71.1329866)
5,(42.4418979, -71.1966947)
5,(42.722763, -73.672912)
5,(40.2853833, -74.7710599)
5,(40.684105, -74.669217)
5,(39.08636679999999, -77.1586676)
5,(42.3214261, -71.1797685)
5,(40.449568, -79.7888707)
5,(40.73827260000001, -73.8471442)
5,(41.2269682, -73.9138571)
5,(38.753242, -76.072129)
5,(42.6497236, -71.275608)
5,(41.6913342, -70.440478)
5,(39.45115770000001, -76.4152389)
5,(40.385647, -74.617896)
5,(40.72829180000001, -73.9964555)
5,(42.351112300000004, -71.0800527)
5,(38.97370300000001, -76.873064)
5,(40.7715101, -73.9513585)
5,(39.040094, -76.419332)
5,(42.4028853, -71.3407714)
5,(42.50433919999999, -74.5924892)
5,(42.1674524, -71.4051191)
5,(41.0574796, -73.528264)
5,(42.6653209, -73.8028827)
5,(41.0089648, -73.6372607)
5,(42.37364000000001, -71.107421)
5,(40.280422, -75.911901)
5,(40.6312803, -80.0875921)
5,(43.76988970000001, -70.3916058)
5,(39.2111704, -76.8960244)
5,(40.0736606, -74.981533)
5,(40.358885300000004, -74.631815)
5,(42.42423380000001, -71.2987619)
5,(37.895359, -76.2547914)
5,(41.3250957, -72.9145716)
5,(40.409092, -74.798349)
5,(39.4198892, -76.6269452)
5,(41.354848000000004, -74.091485)
5,(40.9474568, -73.8291673)
5,(38.05722480000001, -78.5978974)
5,(41.31884170000001, -72.0891171)
5,(42.341175, -72.4780229)
5,(40.7796009, -74.5063289)
5,(39.0700996, -76.8824189)
5,(43.3069916, -70.96194460000001)
5,(40.9461328, -72.9554935)
5,(41.8290751, -72.5431049)
5,(40.7864065, -74.0783441)
5,(40.7656675, -73.4613344)
5,(40.430437299999994, -74.9894087)
5,(42.3239416, -71.2196107)
5,(40.7590705, -74.408205)
5,(38.977742, -77.1435939)
5,(42.3978603, -71.501745)
5,(40.76545469999999, -73.9805678)
5,(41.6896944, -72.5905578)
5,(40.9419817, -73.8405302)
5,(42.3674808, -71.520145)
5,(42.1296979, -71.1465361)
5,(42.6957804, -73.8770347)
5,(39.5426602, -76.08886230000002)
5,(38.8400094, -77.2500021)
5,(39.05338209999999, -77.1705582)
5,(42.2370984, -71.1511805)
5,(40.7439797, -73.979029)
5,(40.8950522, -74.4685336)
5,(40.146572600000006, -75.3552929)
5,(40.7553751, -73.9789011)
5,(44.013512, -73.174194)
5,(38.7923122, -76.9711435)
5,(41.1221338, -72.3629608)
5,(41.70529400000001, -71.282566)
5,(39.945962, -75.1770535)
5,(38.7680325, -77.2017097)
5,(36.8505691, -76.029817)
5,(42.370924, -71.1090263)
5,(40.7833678, -73.7324727)
5,(39.174821, -77.705094)
5,(42.664185, -71.1569943)
5,(38.41902240000001, -78.914474)
5,(40.67673789999999, -73.9679629)
5,(42.968007, -78.726347)
5,(40.63620900000001, -74.320722)
5,(36.7553716, -76.2526694)
5,(42.452546100000006, -76.5247072)
5,(40.7762527, -73.9473507)
5,(40.634036, -73.980299)
5,(39.832232, -74.842646)
5,(40.7942319, -73.963672)
5,(40.01729720000001, -75.2941671)
5,(40.829096699999994, -74.2137593)
5,(40.9813928, -73.71653800000001)
5,(41.299279, -74.180014)
5,(44.7000907, -73.4634097)
5,(44.39967000000001, -73.205681)
5,(38.5836206, -76.082953)
5,(42.0877032, -75.9389719)
5,(39.066189, -76.715239)
5,(41.3869418, -72.5251926)
5,(43.8638138, -69.6341715)
5,(35.6050244, -77.3585405)
5,(40.82854950000001, -73.9795739)
5,(41.55034710000001, -70.6225208)
5,(40.148319, -75.100881)
5,(41.0748978, -73.5263746)
5,(40.73823, -73.87671)
5,(38.8820281, -77.1051113)
5,(41.7369523, -72.2150289)
5,(41.3692605, -73.9662504)
5,(43.7651763, -70.277407)
5,(44.32715699999999, -73.100712)
5,(41.247268, -72.877399)
5,(40.6994169, -73.8934079)
5,(40.7156889, -73.9826951)
5,(42.392493099999996, -71.117191)
5,(42.5909135, -73.7017858)
5,(40.79171350000001, -73.9654628)
5,(40.45986479999999, -75.8329055)
5,(42.9857371, -78.7842406)
5,(42.8325288, -78.7957875)
5,(40.7203975, -74.3728977)
5,(39.027911, -77.048553)
5,(40.746428, -74.000044)
5,(40.8719334, -73.8690801)
5,(42.309967500000006, -71.1225468)
5,(37.2982689, -76.780126)
5,(42.3883097, -71.3946833)
5,(38.823789999999995, -77.066742)
5,(40.794953, -79.076943)
5,(39.980748000000006, -76.2710044)
5,(42.4161563, -76.5033928)
5,(41.4362494, -71.51862200000001)
5,(41.080836000000005, -73.855901)
5,(41.7200448, -72.5301642)
5,(43.4433482, -70.3526738)
5,(42.4147343, -72.5238979)
5,(39.150431, -76.523427)
5,(41.6140206, -70.637601)
5,(40.9089261, -73.9055144)
5,(42.3548061, -71.1999703)
5,(40.7814877, -73.9836549)
5,(43.05030899999999, -76.272054)
5,(44.3800109, -72.0444124)
5,(44.66582590000001, -70.1397839)
5,(40.190092, -74.693507)
5,(37.230086500000006, -80.3964465)
5,(40.13418560000001, -75.1660922)
5,(41.4588744, -71.4689)
5,(40.1668184, -75.7116886)
5,(40.76282400000001, -73.6675753)
5,(40.1667036, -74.8356255)
5,(40.6564527, -74.5836926)
5,(38.9716134, -77.0556072)
5,(41.000298, -73.6479)
5,(44.1462613, -71.1850996)
5,(38.912365, -77.034863)
5,(40.4583728, -79.9732127)
5,(41.88613000000001, -71.9621328)
5,(40.877314, -74.2615019)
5,(41.036343, -74.20653400000002)
5,(40.365065099999995, -75.1152242)
5,(41.8205199, -71.512617)
5,(43.1238017, -77.5997237)
5,(41.9253109, -73.9085019)
5,(42.3518742, -71.1531713)
5,(42.02272700000001, -74.107268)
5,(38.99311300000001, -77.087887)
5,(38.8807263, -77.1472409)
5,(41.46911699999999, -72.9092927)
5,(40.20898699999999, -75.264414)
5,(37.7826678, -79.4611461)
5,(43.2333634, -70.7201258)
5,(37.253956, -76.7235422)
5,(40.8844341, -73.8895224)
5,(40.7737324, -73.9553281)
5,(42.436472, -73.235621)
5,(38.919315, -77.15208330000002)
5,(39.007652, -77.1042905)
5,(40.76268199999999, -73.110676)
5,(37.644784, -77.638642)
5,(40.790486300000005, -73.9688249)
5,(43.08341299999999, -77.5464564)
5,(42.28778940000001, -71.4418168)
5,(40.18092190000001, -75.548714)
5,(42.3466664, -71.0747295)
5,(42.9611212, -78.7517818)
5,(37.5705886, -77.4874467)
5,(43.0756919, -73.777936)
5,(39.369391, -74.559792)
5,(40.685043, -73.968552)
5,(40.0504578, -75.6373375)
5,(42.44608, -71.2167127)
5,(40.8684026, -73.4474672)
5,(42.4139013, -71.2293628)
5,(39.33172780000001, -77.5793712)
5,(40.7793348, -73.9869596)
5,(38.9154058, -77.0304179)
5,(38.9599572, -77.0723167)
5,(42.59945019999999, -70.97029)
5,(40.794574000000004, -74.270491)
5,(41.59345249999999, -74.3274419)
5,(40.8213066, -74.464739)
5,(38.9875994, -77.0190617)
5,(40.03745, -75.4080622)
5,(41.282779, -72.6059779)
5,(43.1066158, -79.0261747)
5,(39.616532, -76.492079)
5,(40.147544100000005, -75.0442603)
5,(43.126335, -77.580679)
5,(37.31441850000001, -77.4760888)
5,(42.67158319999999, -73.7974502)
5,(42.1792443, -73.525026)
5,(37.1041706, -76.5335488)
5,(42.74959990000001, -78.8028698)
5,(40.5950673, -75.5634136)
5,(41.796381, -69.9720675)
5,(42.346689600000005, -71.12185280000001)
5,(41.197959, -73.565273)
5,(41.17621960000001, -73.3884863)
5,(41.0839883, -72.3559166)
5,(39.0117093, -77.0715883)
5,(39.9181109, -75.5347676)
5,(40.23847609999999, -75.3050571)
5,(40.9706853, -74.261101)
5,(39.540392000000004, -77.525476)
5,(40.185132, -79.339944)
5,(39.0279617, -77.0280333)
5,(40.9589901, -73.7242855)
5,(41.872678, -79.54614)
5,(39.2802226, -76.6107457)
5,(41.0380206, -73.6099764)
5,(40.2320475, -74.0234435)
5,(41.2833976, -73.4337563)
5,(40.343761, -74.05533)
5,(40.426851, -79.922817)
5,(38.97439800000001, -76.497753)
5,(40.7760419, -73.9567859)
5,(40.65751010000001, -74.2026796)
5,(43.2089974, -77.9420814)
5,(42.3445737, -71.0900107)
5,(40.7272178, -73.9852599)
5,(40.2740312, -76.7806065)
5,(40.732785, -73.9963495)
5,(40.7239215, -73.9855509)
5,(41.3320976, -72.1007097)
5,(41.3874452, -73.0127824)
5,(40.625010200000006, -74.5537725)
5,(40.6425266, -74.3809155)
5,(39.0742966, -77.0632707)
5,(40.37447840000001, -80.0732823)
5,(39.072392, -76.977708)
5,(42.3784351, -71.2971087)
5,(39.33836980000001, -76.6316805)
5,(43.6841032, -71.4561215)
5,(40.6820381, -73.9780056)
5,(40.9771708, -73.9433454)
5,(40.2167885, -74.8881085)
5,(39.045698, -77.186229)
5,(40.3202418, -78.9587043)
5,(37.5939894, -77.5991265)
5,(38.9575939, -76.7918092)
5,(42.3564609, -73.2848762)
5,(41.226185, -73.48089500000002)
5,(43.127014, -77.582953)
5,(42.921423, -70.954776)
5,(38.9293589, -77.3437667)
5,(38.409999, -78.730151)
5,(40.923364, -73.828944)
5,(39.10052, -77.1679879)
5,(38.9640108, -77.1299019)
5,(40.7783213, -73.9478421)
5,(40.72274190000001, -74.821526)
5,(41.1005709, -73.3750118)
5,(41.6008047, -71.2033083)
5,(41.1261546, -73.477101)
5,(40.982326, -73.9816247)
5,(42.6211886, -71.4130553)
5,(39.497199499999994, -76.5945755)
5,(42.441574, -76.4996309)
5,(39.054808099999995, -77.0789848)
5,(42.85293, -72.58469)
5,(41.7548274, -74.0858011)
5,(42.3618796, -71.50570440000001)
5,(40.75162149999999, -74.4333064)
5,(40.759071, -73.975954)
5,(42.262543, -71.8503794)
5,(40.431239100000006, -79.6798244)
5,(43.7951514, -72.4001149)
5,(38.039115499999994, -78.4608925)
5,(42.038571, -74.2417059)
5,(40.6965499, -73.9882929)
5,(39.9930957, -75.2808872)
5,(39.569031, -76.54737)
5,(41.2352199, -73.4542404)
5,(39.0485297, -77.00331290000001)
5,(42.2424793, -72.6630335)
5,(40.305108000000004, -74.077577)
5,(40.9131793, -73.876616)
5,(40.6210698, -74.5067851)
5,(41.0908918, -74.1329149)
5,(38.9795723, -77.07620020000002)
5,(40.7697992, -73.0767053)
5,(40.22047, -74.874036)
5,(40.2063409, -74.9367211)
5,(42.6744106, -70.6617405)
5,(39.07999850000001, -77.1590652)
5,(41.337754, -73.431824)
5,(38.81799500000001, -77.104654)
5,(40.2207379, -74.9438165)
5,(43.15554469999999, -78.6773797)
5,(39.6796999, -77.7187669)
5,(38.8864773, -78.1134566)
5,(41.0739602, -73.8589413)
5,(41.3797759, -73.4347329)
5,(42.351578, -73.256)
5,(37.3905795, -79.1861059)
5,(39.094378799999994, -76.9418409)
5,(40.079143, -74.04067)
5,(38.93900250000001, -77.0611055)
5,(37.520842, -77.576065)
5,(40.629788, -73.981495)
5,(39.362600300000004, -76.5443316)
5,(39.9874774, -77.0479863)
5,(40.409011, -80.028893)
5,(42.4598741, -71.1255506)
5,(40.491595999999994, -74.85378)
5,(39.389613000000004, -76.7073749)
5,(40.0385532, -76.3020333)
5,(41.2082534, -75.9882638)
5,(40.2470722, -74.0518544)
5,(39.8887769, -74.9877312)
5,(41.4536551, -72.7225051)
5,(39.0852707, -77.0570575)
5,(39.8188207, -79.9462724)
5,(39.79395190000001, -75.4951202)
5,(39.36971199999999, -76.6091139)
5,(42.0659309, -72.6946191)
5,(40.0673931, -76.3520383)
5,(40.655128, -73.976321)
5,(39.0822219, -77.09145300000002)
5,(40.761673900000005, -73.9577816)
5,(42.3704038, -71.1073262)
5,(38.791293, -77.3211532)
5,(39.38214980000001, -76.7155037)
5,(40.7574667, -73.9632029)
5,(40.7462692, -73.9877379)
5,(42.21361809999999, -71.1932033)
5,(37.78789290000001, -79.4492329)
5,(40.013272, -76.3432799)
5,(39.0139839, -77.1170668)
5,(44.25659900000001, -72.555458)
5,(39.89912199999999, -75.3455009)
5,(39.1066319, -77.0695505)
5,(42.5001706, -71.2600591)
5,(42.6452046, -71.3325006)
5,(40.8758458, -73.3576648)
5,(41.243289000000004, -74.678616)
5,(40.8365056, -74.277948)
5,(41.053873100000004, -74.080938)
5,(40.7914962, -76.4745418)
5,(42.0141383, -72.5425795)
5,(39.9829005, -76.2748354)
5,(41.0053978, -73.7365169)
5,(41.05299900000001, -73.920183)
5,(40.2421612, -74.3116833)
5,(38.6021911, -77.2911658)
5,(44.4580282, -68.3269982)
5,(42.3237328, -72.6383041)
5,(40.7870711, -77.8728166)
5,(39.0234224, -77.0127672)
5,(40.54264, -74.34883)
5,(38.997789999999995, -77.137769)
5,(40.58472739999999, -74.3005187)
5,(39.9804245, -75.31193490000001)
5,(40.6782795, -73.6735749)
5,(40.18262360000001, -74.9649579)
5,(38.9663325, -77.0570604)
5,(42.88046620000001, -78.8420064)
5,(39.2690605, -76.7052024)
5,(40.5973892, -75.4989891)
5,(41.006045, -74.087405)
5,(40.576344, -73.848911)
5,(40.74808480000001, -73.9823697)
5,(40.8540245, -73.9395864)
5,(40.653346, -73.4410947)
5,(40.238227, -76.846564)
5,(40.8016281, -73.6637623)
5,(38.9951214, -77.018951)
5,(43.1468737, -70.6474707)
5,(42.3425227, -71.0885269)
5,(40.725945200000005, -74.2559997)
5,(41.7992315, -72.2720098)
5,(41.2020695, -73.881175)
5,(42.066946300000005, -72.9955784)
5,(40.7358018, -73.8607974)
5,(42.6564186, -73.8390928)
5,(42.45283340000001, -71.1283562)
5,(39.320761600000004, -77.4243165)
5,(41.35038900000001, -70.8128056)
5,(42.4418227, -71.2242182)
5,(40.7437578, -73.9197804)
5,(41.2286287, -73.1805238)
5,(40.77452929999999, -73.9256801)
5,(40.6449634, -74.3514655)
5,(40.7052066, -74.0103289)
5,(42.955431000000004, -75.880158)
5,(37.786879, -79.4407333)
5,(40.72094570000001, -73.8372383)
5,(40.7851753, -74.079041)
5,(39.90393830000001, -74.9396086)
5,(42.3260473, -71.2057297)
5,(42.3909851, -71.4045979)
5,(40.4424988, -79.9275472)
5,(39.09889059999999, -77.9525612)
5,(40.7985706, -73.9695095)
5,(38.8383566, -77.3096578)
5,(41.64410110000001, -70.6265184)
5,(40.7513586, -73.5475795)
5,(37.9100294, -78.3323495)
5,(44.674366, -73.447099)
5,(39.208168, -76.933789)
5,(39.702245600000005, -75.4662428)
5,(42.3424609, -71.3649762)
5,(42.459096800000005, -71.4349096)
5,(42.077534, -80.1561409)
5,(41.007436, -73.763405)
5,(40.3763351, -74.003956)
5,(40.65134700000001, -74.3851222)
5,(40.26446500000001, -74.6165712)
5,(43.128408300000004, -77.6047747)
5,(38.8781879, -77.0985811)
5,(39.871214, -76.595004)
5,(42.5213576, -73.2385155)
5,(40.7842176, -77.8493078)
5,(37.5641324, -77.4746391)
5,(40.9412705, -73.9561441)
5,(42.9978213, -78.721136)
5,(42.2882654, -71.4405478)
5,(39.9666008, -75.1779404)
5,(42.436708, -71.371902)
5,(39.9834521, -75.3940647)
5,(38.977832, -77.013084)
5,(40.8570262, -73.9361002)
5,(42.201337, -73.3546262)
5,(42.51715610000001, -71.7490451)
5,(40.8768412, -73.9027524)
5,(40.589788, -80.061967)
5,(38.8640862, -77.4484142)
5,(40.76754700000001, -73.787507)
5,(39.50025629999999, -76.9379809)
5,(40.5252267, -74.5338392)
5,(39.408257000000006, -76.3566553)
5,(37.244608, -76.757671)
5,(41.537389, -72.361684)
5,(40.686927700000005, -73.9914234)
5,(40.258070800000006, -75.3369002)
5,(42.301376, -75.953429)
5,(44.4194367, -73.2147744)
5,(42.3533878, -71.206478)
5,(40.4165143, -74.6373036)
5,(44.59596, -75.183521)
5,(41.3219233, -72.2259043)
5,(42.453531600000005, -76.4718711)
5,(40.74776239999999, -73.9783777)
5,(41.34655740000001, -72.9433837)
5,(42.444382600000004, -79.3310035)
5,(40.42238900000001, -79.914498)
5,(39.528774, -76.334022)
5,(40.7312693, -73.9861087)
5,(41.4339513, -75.6402255)
5,(38.8996582, -77.0990579)
5,(40.9372538, -74.122522)
5,(40.7354816, -74.1701164)
5,(41.937548, -72.7914249)
5,(41.7653764, -72.1981334)
5,(40.24977989999999, -74.2741431)
5,(42.7043061, -71.11028260000002)
5,(40.7173324, -73.9802385)
5,(37.20949890000001, -80.4534762)
5,(42.673266500000004, -73.7918569)
5,(38.9464939, -77.0852011)
5,(42.2413837, -70.9175015)
5,(38.87541949999999, -77.0158124)
5,(43.755028, -70.457947)
5,(39.939654499999996, -74.9052144)
5,(41.033257, -73.6840579)
5,(40.7028615, -73.4381775)
5,(40.8714157, -73.146315)
5,(39.045929300000005, -77.4675383)
5,(39.9113104, -75.3361398)
5,(40.175526700000006, -80.2241081)
5,(40.824299, -74.104864)
5,(40.879585, -73.635163)
5,(41.3358697, -72.4112244)
5,(42.64989589999999, -71.3794562)
5,(40.60428, -73.960919)
5,(40.371836, -80.0549915)
5,(40.0075508, -74.2025494)
5,(40.74855, -73.97778200000002)
5,(40.8444912, -73.8666496)
5,(41.338399200000005, -73.7076939)
5,(41.676522000000006, -71.4922799)
5,(40.070307500000006, -75.1994618)
5,(43.9109987, -69.9763583)
5,(39.223518899999995, -76.8553293)
5,(38.991943, -77.0781113)
5,(39.04058, -76.483499)
5,(40.79938680000001, -73.9706354)
5,(40.630419, -73.7034687)
5,(41.4821329, -75.6964258)
5,(42.98108260000001, -70.9301622)
5,(41.6831382, -73.9119682)
5,(40.97329549999999, -74.3558858)
5,(41.0605044, -73.5330648)
5,(40.1948065, -80.2132278)
5,(40.260516800000005, -74.9788094)
5,(41.726735, -71.3998438)
5,(40.6924092, -73.980367)
5,(44.889454400000005, -68.6708782)
5,(40.7786277, -73.8259921)
5,(40.6652221, -73.3965452)
5,(40.4181017, -74.2339323)
5,(43.0332686, -76.1122535)
5,(40.60234, -73.955468)
5,(41.043198, -73.4908796)
5,(41.311808, -73.4787348)
5,(44.563825, -75.21793)
5,(43.03070799999999, -78.868866)
5,(38.338074999999996, -81.642802)
5,(41.08495700000001, -74.373943)
5,(43.6664365, -72.2201135)
5,(38.919270000000004, -77.0467479)
5,(40.0687788, -75.3584273)
5,(40.70327979999999, -73.6506755)
5,(42.1974836, -71.6305375)
5,(39.0595082, -77.1044058)
5,(40.3130258, -74.44899770000002)
5,(39.6135639, -76.955237)
5,(40.7892103, -73.9780213)
5,(40.7836525, -73.95214080000001)
5,(38.01489600000001, -78.612843)
5,(40.6669353, -73.6131348)
5,(42.0834853, -80.1235559)
5,(39.9625, -75.193174)
5,(40.1867566, -74.9797696)
5,(38.8668436, -77.1387182)
5,(41.7737105, -70.0126513)
5,(40.913368, -74.537273)
5,(36.90947229999999, -76.2140665)
5,(40.1127568, -74.07829880000001)
5,(40.1143639, -75.412445)
5,(43.028309, -76.088713)
5,(40.023823, -75.183623)
5,(41.038339, -73.624313)
5,(39.0880859, -77.1562973)
5,(39.00034500000001, -77.1355899)
5,(43.7685746, -70.1961182)
5,(44.50727299999999, -72.9026053)
5,(41.1711181, -74.0572164)
5,(42.847878, -75.574946)
5,(40.1801314, -75.2055056)
5,(39.3601833, -76.553411)
5,(39.047618, -77.12992)
5,(39.902751800000004, -75.0627536)
5,(40.34491109999999, -74.5950795)
5,(40.7658169, -73.9771878)
5,(38.7678369, -77.2019047)
5,(42.50281100000001, -72.438988)
5,(37.6296673, -77.582955)
5,(42.82, -73.94)
5,(41.629061, -70.936498)
5,(39.92932, -74.994253)
5,(38.069243, -78.471798)
5,(40.50759469999999, -80.0828685)
5,(42.4594583, -71.1500051)
5,(42.71224790000001, -71.4640353)
5,(42.359079, -73.661348)
5,(43.040290299999995, -76.1113481)
5,(41.51185989999999, -74.5575689)
5,(44.3341561, -68.574728)
5,(38.9177842, -77.0353326)
5,(42.13128470000001, -71.3385221)
5,(42.4482035, -71.3205998)
5,(38.9911042, -77.1313989)
5,(44.5772236, -73.5644483)
5,(41.69421100000001, -71.25650800000001)
5,(39.948742, -75.51297900000002)
5,(42.1655476, -71.9940552)
5,(42.2656364, -71.2010662)
5,(39.8717155, -75.6515026)
5,(39.621094, -77.6740852)
5,(38.993306, -74.8103084)
5,(40.026986, -76.3497502)
5,(42.3522788, -71.1959757)
5,(42.582623500000004, -70.8622626)
5,(38.9418433, -77.0449382)
5,(38.9949359, -76.6939359)
5,(37.2453597, -76.7335556)
5,(42.613827500000006, -71.4472642)
5,(38.717825, -77.801115)
5,(41.168532400000004, -73.259997)
5,(41.90742509999999, -72.8547528)
5,(40.290855, -74.735728)
5,(40.4069602, -74.7819528)
5,(38.8873968, -76.9919659)
5,(41.2077431, -73.738601)
5,(40.7765842, -73.985997)
5,(40.7389352, -73.2491629)
5,(42.3460837, -71.3317742)
5,(40.723888, -73.083663)
5,(40.898935, -74.6471395)
5,(36.90785, -76.5273884)
5,(40.717809, -73.839056)
5,(42.3773252, -71.5766205)
5,(42.7219443, -78.5072632)
5,(38.8715959, -77.1278729)
5,(40.316745, -79.5590022)
5,(42.8640744, -71.3860428)
5,(38.99867069999999, -77.1351003)
5,(41.8346376, -72.7089572)
5,(40.8093423, -77.8170721)
5,(37.5974669, -77.4586096)
5,(42.41369100000001, -71.1241081)
5,(41.212932, -73.768021)
5,(40.7717445, -73.9465884)
5,(40.8665436, -74.232898)
5,(42.405386799999995, -71.0751818)
5,(38.8240883, -77.2367044)
5,(39.065733, -77.004111)
5,(40.9383984, -73.8462047)
5,(40.3571376, -74.6461105)
5,(39.95705900000001, -74.3491257)
5,(44.3978148, -73.2284815)
5,(39.5380429, -76.0943578)
5,(40.3343747, -79.5529327)
5,(42.2690614, -71.4530206)
5,(38.801226699999994, -77.0462833)
5,(38.967503099999995, -77.3414859)
5,(39.3647916, -76.6179264)
5,(43.069701, -76.099441)
5,(42.470301, -76.7702599)
5,(39.97824030000001, -78.4822216)
5,(40.953517000000005, -74.056153)
5,(40.0370801, -75.1944439)
5,(40.7782877, -74.3415389)
5,(42.27637, -71.2471788)
5,(39.9130572, -75.06768)
5,(38.7257161, -77.0731228)
5,(40.7793912, -73.9851706)
5,(40.264247, -77.03541870000001)
5,(39.974944400000005, -76.7461228)
5,(40.1442709, -75.0071389)
5,(40.4930168, -80.0610614)
5,(39.9737534, -76.6241253)
5,(38.9449287, -77.0618546)
5,(37.56, -77.45)
5,(38.7093662, -77.19058)
5,(40.2568602, -77.1719389)
5,(42.1941862, -70.9165364)
5,(43.0379613, -76.0490672)
5,(42.3687643, -71.1064488)
5,(41.1104966, -73.8637741)
5,(38.85076990000001, -77.1186711)
5,(40.0043394, -74.9017358)
5,(38.93086000000001, -77.326474)
5,(40.450503399999995, -79.908154)
5,(39.04632, -77.155029)
5,(37.59687499999999, -77.459007)
5,(40.1607147, -74.8771217)
5,(43.04131600000001, -76.117883)
5,(43.0564576, -77.50643230000001)
5,(40.457599, -74.5055378)
5,(42.516001900000006, -71.276748)
5,(42.43338730000001, -71.1860496)
5,(40.635228, -74.1029439)
5,(42.3835675, -71.1217148)
5,(42.9648249, -70.9814962)
5,(40.948142, -72.39757400000002)
5,(40.45638370000001, -79.697249)
5,(44.5310223, -68.6569103)
5,(40.80003299999999, -73.970132)
5,(40.1820694, -75.0624214)
5,(38.930988000000006, -74.925595)
5,(42.33570850000001, -71.1175808)
5,(40.7896042, -73.9802572)
5,(42.2481996, -70.8759517)
5,(41.06036689999999, -73.5344982)
5,(37.2943391, -76.7164361)
5,(40.67947000000001, -73.99845)
5,(40.8413667, -73.3297996)
5,(41.0619389, -74.1400298)
5,(40.676764, -73.9991027)
5,(42.41779280000001, -71.0915951)
5,(40.356639, -74.093006)
5,(39.99765140000001, -76.2851558)
5,(41.926582999999994, -74.0267959)
5,(40.85646189999999, -73.8407554)
5,(43.024322000000005, -73.9869888)
5,(38.8750938, -77.3926304)
5,(38.767979, -77.19994100000001)
5,(38.9043232, -77.0331865)
5,(40.0787932, -75.1966483)
5,(39.0654081, -77.1739045)
5,(42.10056470000001, -75.9326664)
5,(39.179959, -78.1709192)
5,(41.859361, -71.387883)
5,(40.764207500000005, -73.933916)
5,(40.074285, -75.125922)
5,(40.7283017, -74.2955207)
5,(43.141144, -77.528622)
5,(39.2684106, -76.7045864)
5,(42.94046800000001, -78.757538)
5,(39.65886830000001, -79.9517317)
5,(43.0853387, -77.9422336)
5,(38.9831506, -76.502373)
5,(43.209211, -73.6826789)
5,(40.21046350000001, -76.9720967)
5,(40.734459, -74.009796)
5,(39.482921000000005, -77.50893)
5,(40.7578217, -73.9624505)
5,(40.4579379, -75.8369857)
5,(40.9243621, -73.7530538)
5,(40.8963095, -73.3526132)
5,(41.50191199999999, -71.373703)
5,(40.40554699999999, -74.7389739)
5,(41.0480919, -73.516957)
5,(42.706177, -72.6648452)
5,(41.2371893, -72.9791784)
5,(39.8906093, -74.9551758)
5,(40.1311097, -75.1064499)
5,(40.765351, -73.9662915)
5,(40.9681627, -73.7036268)
5,(40.7745752, -73.9596246)
5,(40.8457366, -73.9700265)
5,(41.0802877, -73.5644481)
5,(42.17834439999999, -71.0515069)
5,(41.7439824, -74.3715423)
5,(36.789438399999995, -76.6211211)
5,(36.7658601, -76.0619285)
5,(42.260131, -71.0038469)
5,(41.0666766, -73.4415169)
5,(41.52593569999999, -73.43124500000002)
5,(40.789226, -73.9712268)
5,(42.42793919999999, -71.170202)
5,(44.7079138, -73.4717764)
5,(42.3734201, -71.1245158)
5,(42.5339924, -71.1257258)
5,(42.2237697, -71.1775705)
5,(41.28744710000001, -73.6978497)
5,(40.757181, -73.714414)
5,(38.923147, -77.10086)
5,(40.7866871, -77.83939940000002)
5,(41.3382843, -75.5750698)
5,(41.1200242, -80.3339594)
5,(43.051451, -75.4130799)
5,(41.1757339, -73.3121591)
5,(39.1367103, -76.9008839)
5,(40.7416588, -73.8757246)
5,(40.06563, -75.0752951)
5,(38.781611, -76.224697)
5,(40.8891991, -74.3666943)
5,(43.146737, -77.563585)
5,(39.75651770000001, -76.9510886)
5,(41.6723366, -70.1925363)
5,(40.7446749, -75.3151839)
5,(39.6382618, -78.1045844)
5,(41.528227, -74.18504400000002)
5,(42.49968809999999, -71.2582868)
5,(43.685097, -72.323034)
5,(37.26175800000001, -80.011218)
5,(40.433558000000005, -79.926481)
5,(40.733975, -73.992395)
5,(42.8972624, -77.4214278)
5,(39.66130720000001, -75.5680223)
5,(40.8855444, -73.9136911)
5,(42.9992926, -78.7187977)
5,(36.7903281, -76.1269873)
5,(41.1237245, -74.3782307)
5,(40.60672300000001, -73.91192)
5,(38.849747, -77.206371)
5,(38.89911990000001, -77.052498)
5,(40.800897, -73.969492)
5,(40.7826261, -73.9764479)
5,(40.6975989, -73.9882258)
5,(41.201718500000005, -75.9942459)
5,(40.738659, -73.984226)
5,(42.1967222, -71.3159601)
5,(37.6047, -77.594742)
5,(40.7456827, -74.2452593)
5,(41.9305973, -70.0718184)
5,(40.32995400000001, -76.50632)
5,(43.784789, -70.183633)
5,(39.03748, -77.157819)
5,(42.0545513, -70.19037)
5,(39.6906509, -75.783743)
5,(39.7860674, -75.4880747)
5,(41.8358839, -71.3474695)
5,(40.773110900000006, -73.95172370000002)
5,(39.9503372, -75.1750789)
5,(40.7305539, -73.9930526)
5,(39.260678, -76.757806)
5,(37.0118227, -77.8352787)
5,(42.37567670000001, -71.2014748)
5,(38.91253669999999, -77.1690463)
5,(40.784856999999995, -73.337011)
5,(42.9759905, -78.7099072)
5,(42.4548201, -71.3538932)
5,(41.7643994, -72.745841)
5,(40.770722400000004, -73.9602907)
5,(40.74146400000001, -73.7593224)
5,(42.3892049, -71.1252707)
5,(38.8928935, -77.0162336)
5,(44.35965, -72.748769)
5,(40.452590900000004, -79.9463641)
5,(40.071084, -80.682384)
5,(40.7765728, -73.9875955)
5,(38.04926780000001, -78.4921089)
5,(44.2098011, -69.0647593)
5,(39.8708675, -76.1924465)
5,(39.03851840000001, -77.5042603)
5,(41.16982279999999, -73.7530758)
5,(40.5891606, -73.7890609)
5,(40.84753450000001, -74.2814101)
5,(40.18145549999999, -74.9179888)
5,(42.7365699, -72.1643291)
5,(40.60263, -75.513221)
5,(41.421655200000004, -73.4233823)
5,(37.5442464, -80.6818942)
5,(42.3170568, -71.1406262)
5,(41.0266833, -73.7477695)
5,(42.5209203, -70.9206622)
5,(40.856534, -74.275964)
5,(38.9770213, -77.0649356)
5,(42.4891941, -71.308036)
5,(38.766205500000005, -77.0920879)
5,(40.9758959, -76.8834579)
5,(40.8630254, -72.9687204)
5,(37.1224473, -76.4810012)
5,(40.4967738, -78.3848266)
5,(40.8127336, -73.9579951)
5,(40.962579100000006, -72.2541441)
5,(41.339849, -71.770114)
5,(41.0575241, -73.578542)
5,(39.6217723, -77.0025039)
5,(38.8727449, -77.0187373)
5,(40.715819, -74.307204)
5,(39.3484916, -74.457712)
5,(38.668114, -77.342136)
5,(42.3439265, -71.082148)
5,(41.83306, -71.40237900000001)
5,(40.775111, -73.9886025)
5,(40.8254785, -74.1028322)
5,(40.6632396, -73.6505709)
5,(38.765581, -77.089329)
5,(40.693684, -73.996306)
5,(39.0485964, -76.9472201)
5,(39.354596, -76.6331019)
5,(43.2450029, -78.790485)
5,(38.835473, -77.10727200000001)
5,(40.903512400000004, -73.5591577)
5,(41.4947019, -72.277752)
5,(40.104187700000004, -75.0909676)
5,(42.7846265, -71.0048962)
5,(37.7802895, -79.4535314)
5,(38.9207765, -77.0923915)
5,(40.7743309, -73.9547342)
5,(40.555495, -79.872791)
5,(40.3213154, -76.009839)
5,(40.8298427, -73.8508029)
5,(39.7710453, -75.7260997)
5,(39.064682, -76.865478)
5,(44.398568100000006, -73.2290489)
5,(39.9483331, -74.3573939)
5,(44.4723105, -72.6597065)
5,(38.8363157, -77.110593)
5,(40.848399, -73.938991)
5,(40.7762044, -73.94843610000001)
5,(40.7877039, -73.9806073)
5,(40.10869230000001, -75.1141248)
5,(40.7368607, -74.0096127)
5,(38.9646118, -77.3429564)
5,(42.6723391, -73.8180521)
5,(38.7628734, -77.281239)
5,(40.909638, -73.347788)
5,(39.8945999, -74.69350000000001)
5,(41.030196, -73.6542462)
5,(40.064637, -75.194059)
5,(38.6976683, -76.2131474)
5,(42.1125749, -75.939402)
5,(40.70245810000001, -80.11827150000002)
5,(40.055045899999996, -75.1185423)
5,(40.804986799999995, -73.9675111)
5,(41.8937396, -70.6030095)
5,(40.68612610000001, -73.6714768)
5,(41.491226, -73.9592906)
5,(40.1734661, -74.8819075)
5,(38.8670075, -77.2482021)
5,(40.63751740000001, -74.3582653)
5,(39.0164083, -77.0896015)
5,(41.6943135, -71.4447164)
5,(40.896153, -73.874013)
5,(40.79037420000001, -73.9661704)
5,(40.414824800000005, -74.4388136)
5,(40.793335, -73.6668905)
5,(40.064597899999995, -75.118281)
5,(42.988238, -76.594621)
5,(42.6981347, -73.87417490000001)
5,(40.07367500000001, -75.204682)
5,(40.773237699999996, -73.6249144)
5,(36.389163, -76.929269)
5,(40.6465584, -73.6254813)
5,(42.1653471, -71.0523749)
5,(39.9234549, -75.3052295)
5,(40.369874, -80.0638882)
5,(40.0781955, -75.20150190000001)
5,(40.78612780000001, -73.9532508)
5,(40.8105083, -74.6396668)
5,(40.03665300000001, -76.4465475)
5,(43.37286350000001, -72.33787440000002)
5,(43.1443687, -76.3403173)
5,(40.785607500000005, -74.0773182)
5,(36.8572542, -76.0505822)
5,(41.20990630000001, -73.292098)
5,(42.5079316, -71.08736240000002)
5,(40.76541900000001, -73.7367436)
5,(37.2201278, -80.4491619)
5,(40.201051, -75.071015)
5,(40.7810888, -73.7749466)
5,(39.619656899999995, -79.9527079)
5,(39.8099451, -75.4829158)
5,(40.1373078, -76.2618845)
5,(41.0323303, -74.0130838)
5,(40.94370779999999, -76.6310548)
5,(42.2972869, -71.8350966)
5,(41.0574, -73.44953)
5,(40.2061278, -74.9379032)
5,(40.63307489999999, -80.0671774)
5,(41.9209242, -74.1469155)
5,(43.1341508, -77.4676488)
5,(39.94828100000001, -75.179301)
5,(40.839963999999995, -73.404881)
5,(42.92437489999999, -73.8142559)
5,(40.7782204, -73.9489538)
5,(43.5665892, -72.1498022)
5,(37.27986990000001, -76.7566451)
5,(40.706686, -73.817856)
5,(40.09788180000001, -75.0851055)
5,(42.38151059999999, -71.112384)
5,(42.2934491, -71.152247)
5,(38.8776017, -77.1183743)
5,(39.04159200000001, -77.0839249)
5,(40.7785116, -73.9864337)
5,(41.704876000000006, -73.443847)
5,(39.9642416, -77.6274001)
5,(42.8943537, -78.6597173)
5,(40.7741314, -73.6638998)
5,(40.763004499999994, -73.980941)
5,(44.28985900000001, -73.247652)
5,(40.7382299, -73.5033985)
5,(37.7017628, -77.619999)
5,(40.6534089, -79.9590338)
5,(42.4495683, -75.2734538)
5,(41.116196200000005, -73.5512016)
5,(42.857349, -73.7833781)
5,(40.337877000000006, -74.4556503)
5,(41.018007, -73.5599961)
5,(40.0152127, -75.2001288)
5,(39.1405491, -77.0277808)
5,(38.8912219, -77.2371262)
5,(41.6397253, -72.3483168)
5,(40.19566290000001, -77.1933892)
5,(40.555690000000006, -74.887752)
5,(42.599799, -75.690057)
5,(40.91078000000001, -73.970341)
5,(41.6431069, -72.4802987)
5,(38.9642173, -77.0890998)
5,(41.373714199999995, -72.9900016)
5,(40.62251700000001, -74.472226)
5,(39.1055074, -77.0888251)
5,(42.4374426, -71.2064097)
5,(40.72580330000001, -73.9858461)
5,(43.4673746, -71.7122705)
5,(42.811278, -73.778921)
5,(41.068363500000004, -73.7832622)
5,(41.1426364, -73.9952215)
5,(40.325472, -74.633942)
5,(40.8378031, -74.2036802)
5,(39.104997, -76.9691152)
5,(39.989978699999995, -75.2239178)
5,(43.0875593, -77.8120129)
5,(42.36933779999999, -71.1044286)
5,(39.040937, -76.676961)
5,(42.4998233, -70.85194680000001)
5,(40.330342800000004, -76.4219108)
5,(41.87819300000001, -72.035638)
5,(39.1737813, -78.1796542)
5,(40.984971900000005, -74.2264503)
5,(39.861898000000004, -77.0354624)
5,(42.299229, -71.2417282)
5,(40.728225, -73.82492)
5,(42.6998838, -72.633572)
5,(41.510479399999994, -73.1938362)
5,(39.5136137, -76.3375391)
5,(40.447339, -79.948719)
5,(40.7590776, -73.9736147)
5,(43.4016517, -70.408771)
5,(41.2715542, -72.8301222)
5,(40.684710200000005, -73.9968169)
5,(40.9852271, -74.3267161)
5,(42.4260855, -71.1585625)
5,(38.3034, -76.55016300000001)
5,(42.4972992, -71.2643469)
5,(42.76935, -78.620259)
5,(39.7448662, -75.6170773)
5,(40.2670735, -79.9079682)
5,(40.2130976, -74.0037461)
5,(41.53149, -71.422437)
5,(38.9979303, -77.0127641)
5,(38.048552699999995, -78.4990082)
5,(40.7666237, -73.9577725)
5,(41.3726829, -73.3563019)
5,(42.4060119, -76.481164)
5,(42.378759, -71.132186)
5,(42.2674245, -71.0780849)
5,(39.0215749, -77.3210251)
5,(40.8173493, -74.2028943)
5,(38.9004176, -77.3230729)
5,(39.1515717, -77.1945391)
5,(40.7360872, -73.0770477)
5,(43.1992244, -78.5761394)
5,(40.8353431, -73.1192239)
5,(38.9933819, -76.523694)
5,(39.8660958, -75.0713259)
5,(41.484032, -71.276088)
5,(39.0185569, -77.072346)
5,(40.886632, -73.409291)
5,(40.944073, -73.840435)
5,(40.2397092, -75.3039899)
5,(42.25041809999999, -72.577337)
5,(39.76075, -75.03897)
5,(41.1699636, -73.3298611)
5,(39.501902, -76.645204)
5,(39.02883330000001, -77.4981801)
5,(42.3468474, -71.1608165)
5,(41.0508244, -73.9190098)
5,(41.188415, -73.736455)
5,(39.264181, -76.740501)
5,(39.4533323, -76.6186281)
5,(42.91509930000001, -73.8067498)
5,(42.3104045, -71.127234)
5,(40.873812, -73.3679392)
5,(39.0509029, -76.9514935)
5,(41.002924099999994, -73.8713385)
5,(42.6179631, -73.7278029)
5,(40.8085395, -73.9545513)
5,(41.362807, -72.9150639)
5,(40.86492450000001, -73.9894343)
5,(43.0990984, -74.7936187)
5,(40.0133983, -75.7897505)
5,(40.91698709999999, -74.0109045)
5,(42.1696491, -71.2315124)
5,(41.682278, -70.00786020000001)
5,(40.315992200000004, -76.5619698)
5,(39.031691800000004, -77.4553603)
5,(42.3975655, -71.1348261)
5,(38.9991059, -77.0683749)
5,(40.6452358, -74.6258129)
5,(42.205879200000005, -70.7621468)
5,(40.7940372, -73.97173530000002)
5,(42.63213, -73.8181549)
5,(41.2063796, -73.2582944)
5,(41.308977999999996, -73.696557)
5,(41.844241, -73.0169135)
5,(41.476694, -71.4470259)
5,(42.3082468, -75.5206311)
5,(40.6951224, -73.7940435)
5,(40.7259417, -73.6202814)
5,(42.3257007, -72.6420171)
5,(42.35095230000001, -71.0578985)
5,(40.29791050000001, -74.3458621)
5,(40.0707132, -75.0714149)
5,(41.5512989, -70.6439738)
5,(40.7654964, -73.9631442)
5,(39.772273000000006, -75.999294)
5,(40.889462099999996, -73.3773461)
5,(39.1733649, -75.550815)
5,(42.0218413, -70.7393247)
5,(38.9660616, -77.1188504)
5,(40.0369732, -75.408402)
5,(42.341301, -71.4000904)
5,(40.483823, -74.6632366)
5,(38.879269, -76.81192500000002)
5,(40.039674, -76.317946)
5,(39.74638100000001, -77.282615)
5,(42.0498222, -73.6355284)
5,(44.2612606, -72.5684942)
5,(40.2968781, -79.4512638)
5,(36.662153999999994, -76.579745)
5,(40.8447396, -74.1907129)
5,(40.1655254, -80.2791319)
5,(43.6863458, -70.2799576)
5,(40.2772309, -75.2815115)
5,(39.9436346, -75.1714595)
5,(41.9297492, -73.9076536)
5,(40.7860313, -73.728513)
5,(38.8771029, -77.01563380000002)
5,(42.3826406, -71.2194484)
5,(39.40917970000001, -76.623938)
5,(44.86273, -71.984938)
5,(40.3633924, -74.6416132)
5,(42.921488800000006, -72.3784959)
5,(44.487438, -72.688858)
5,(41.6813658, -72.5716634)
5,(38.8769246, -77.1213501)
5,(40.992508900000004, -73.8697659)
5,(41.683829300000006, -72.90733320000001)
5,(41.284439000000006, -73.564712)
5,(40.051361, -77.490967)
5,(40.82537, -73.475116)
5,(38.7870824, -77.1086736)
5,(42.2736369, -71.0638526)
5,(40.012331999999994, -76.760575)
5,(43.24058049999999, -77.49057510000002)
5,(42.4181706, -71.1858944)
5,(41.6016983, -70.9339365)
5,(38.98233350000001, -77.1049476)
5,(41.49235170000001, -73.341495)
5,(41.5470091, -72.6579791)
5,(43.428492500000004, -71.975699)
5,(40.71088, -74.29808)
5,(39.8978686, -75.3435689)
5,(42.638438, -73.73318)
5,(41.076967, -73.52825120000001)
5,(41.0077, -72.126588)
5,(38.9778449, -76.78213390000002)
5,(42.245505699999995, -70.8953695)
5,(40.734279, -73.9902571)
5,(40.4163043, -75.2525018)
5,(35.977305, -77.8002039)
5,(42.2247331, -71.5209148)
5,(42.0922838, -75.9204787)
5,(40.638726, -73.9631989)
5,(42.5460089, -71.1022645)
5,(38.9196077, -77.4142867)
5,(40.641186299999994, -73.9665416)
5,(38.83580200000001, -76.49551)
5,(41.712587, -71.301563)
5,(41.140868, -73.364123)
5,(41.740639, -70.1517243)
5,(41.928662, -73.8798429)
5,(39.12286019999999, -77.2394771)
5,(40.3969858, -80.1115562)
5,(43.6906144, -72.2652966)
5,(41.632989800000004, -73.6610998)
5,(39.7973034, -76.9667655)
5,(42.3807157, -71.1260014)
5,(41.058226, -73.57894440000001)
5,(40.6202481, -74.7578461)
5,(40.34090750000001, -74.6682114)
5,(40.71754150000001, -74.0145351)
5,(41.3356401, -75.061264)
5,(40.8135214, -74.5380022)
5,(39.79055280000001, -75.4782158)
5,(42.0683335, -71.1046026)
5,(42.862493300000004, -72.7038047)
5,(41.1213462, -72.3653601)
5,(44.9364356, -72.2051022)
5,(41.0266918, -73.7673933)
5,(39.3490692, -76.6293126)
5,(41.379864999999995, -72.8600324)
5,(42.33356210000001, -71.1238433)
5,(39.171969, -77.224177)
5,(40.626941, -74.025638)
5,(42.3986485, -71.1254547)
5,(41.0023085, -73.8770816)
5,(42.40398400000001, -72.513745)
5,(43.1180618, -70.7965939)
5,(39.0187973, -77.0803873)
5,(44.46033499999999, -72.689992)
5,(41.2959908, -72.5754149)
5,(42.992123899999996, -77.607793)
5,(41.1382824, -73.7961023)
5,(40.9462419, -73.9859163)
5,(43.1725552, -79.0358782)
5,(44.3342827, -72.4898301)
5,(40.739939, -74.0013151)
5,(43.707325, -72.30169700000002)
5,(40.9976756, -74.2687696)
5,(40.6847749, -73.9321279)
5,(40.3619167, -74.6466588)
5,(40.48358859999999, -80.0332031)
5,(39.3600965, -76.6744169)
5,(40.7872425, -73.7371343)
5,(39.8811719, -75.6532932)
5,(40.222063, -75.665393)
5,(39.4348054, -76.8785202)
5,(39.9088616, -75.0595554)
5,(39.9499673, -75.1704575)
5,(40.8010067, -73.4150934)
5,(42.8999155, -78.8757149)
5,(38.671173, -75.245589)
5,(40.8169352, -73.7261326)
5,(43.0685433, -70.7585614)
5,(40.78763680000001, -77.8632356)
5,(44.0789477, -69.398281)
5,(39.799534, -75.553826)
5,(38.9124267, -77.0724745)
5,(42.4674081, -71.2376849)
5,(41.3289097, -72.0014535)
5,(41.825524, -72.01170990000001)
5,(41.127979999999994, -80.656939)
5,(39.1783769, -77.1827169)
5,(40.7733286, -74.2516536)
5,(40.3470645, -74.6328177)
5,(44.1815185, -71.7827588)
5,(41.60993499999999, -73.894698)
5,(41.735347, -73.357082)
5,(41.6095251, -73.0060875)
5,(40.7355162, -73.9842474)
5,(39.11205580000001, -77.1787672)
5,(43.1411649, -76.2329616)
5,(41.4683403, -74.3933539)
5,(39.762075, -75.580738)
5,(40.7642629, -73.9775665)
5,(39.0707416, -77.0227011)
5,(41.6630913, -71.4701412)
5,(39.949928, -75.217908)
5,(41.67875870000001, -72.6594454)
5,(39.4013869, -76.418693)
5,(38.1113735, -78.3591648)
5,(41.042404999999995, -73.672962)
5,(40.269674, -74.336054)
5,(41.323950200000006, -73.2692859)
5,(40.1129649, -75.1256501)
5,(38.2959142, -76.4905772)
5,(41.4114991, -73.6826242)
5,(41.755944899999996, -72.71988)
5,(40.2932149, -76.053623)
5,(40.1244732, -75.1631346)
5,(38.99780710000001, -76.6845332)
5,(40.0486745, -75.3861994)
5,(38.9208373, -77.1540987)
5,(40.058701, -75.414069)
5,(40.9874919, -73.8763832)
5,(42.41730640000001, -71.2430661)
5,(40.621912, -73.903904)
5,(38.84982800000001, -77.359772)
5,(38.970855, -76.551753)
5,(37.2347015, -80.450223)
5,(40.960547, -74.1261556)
5,(38.6592058, -77.2433674)
5,(39.98141100000001, -76.731806)
5,(39.3525621, -76.6122326)
5,(40.7775623, -73.9815947)
5,(40.722619, -73.994547)
5,(42.68702520000001, -73.74433470000001)
5,(43.6339902, -70.2372187)
5,(40.6316124, -73.9642002)
5,(40.750488499999996, -73.5168018)
5,(39.0133801, -77.0976616)
5,(41.7739649, -72.7399762)
5,(39.107592, -76.7955597)
5,(41.864447, -71.460702)
5,(40.764018699999994, -73.9819101)
5,(40.9146785, -73.9703716)
5,(43.9824397, -69.4883148)
5,(38.93843160000001, -77.07823920000001)
5,(38.848887, -76.899047)
5,(43.475299, -73.578222)
5,(40.928931, -72.894059)
5,(39.126563999999995, -76.979341)
5,(38.101912000000006, -78.608643)
5,(42.2036959, -71.9104934)
5,(42.4336528, -71.2377058)
5,(39.9311729, -74.8741394)
5,(40.9081354, -74.0416374)
5,(43.1178202, -77.5621267)
5,(38.8966993, -78.2595231)
5,(42.33117930000001, -71.8570233)
5,(37.3038409, -76.8017414)
5,(39.8508, -74.8173)
5,(39.741733999999994, -75.715301)
5,(40.809850999999995, -74.265608)
5,(40.3767114, -80.0708698)
5,(38.9350908, -77.1121607)
5,(41.768387999999995, -72.874761)
5,(39.9357052, -75.41185)
5,(40.526997099999996, -74.5753074)
5,(42.714858, -78.6811029)
5,(40.9116747, -81.0238129)
5,(36.025776, -75.6793129)
5,(40.840314000000006, -72.736529)
5,(40.8961572, -73.3445092)
5,(38.914243, -77.0833178)
5,(41.6555312, -72.7430912)
5,(42.45564699999999, -71.55791)
5,(42.785473, -73.875907)
5,(41.1260324, -73.9750386)
5,(40.6954323, -73.9947123)
5,(40.68785499999999, -73.970535)
5,(39.718098000000005, -74.974379)
5,(42.673911, -70.8357792)
5,(40.6350668, -80.2281159)
5,(40.692994799999994, -74.393623)
5,(40.74970259999999, -73.9984856)
5,(40.8994261, -73.0783095)
5,(36.857241300000005, -76.1291423)
5,(39.83, -74.7713)
5,(43.30718490000001, -72.588041)
5,(41.2380384, -73.2846961)
5,(39.2681868, -76.6996078)
5,(41.091104, -74.6786429)
5,(40.7475731, -73.9815103)
5,(38.899878, -77.0537209)
5,(40.776698700000004, -73.9439311)
5,(40.9939688, -73.755484)
5,(42.7366199, -71.8919727)
5,(40.31872, -74.151856)
5,(39.9668944, -75.1736217)
5,(43.02684730000001, -70.7637957)
5,(40.739948600000005, -74.3177103)
5,(41.16489299999999, -73.8433234)
5,(42.3343845, -71.1444987)
5,(41.672481, -72.7668)
5,(40.616885100000005, -73.94087440000001)
5,(40.4925844, -74.4283169)
5,(40.6772748, -74.36284920000001)
5,(40.86973679999999, -73.3880718)
5,(41.0328335, -74.1451784)
5,(39.0250806, -77.0475217)
5,(41.007284, -72.474018)
5,(40.8227732, -73.1809637)
5,(39.652743199999996, -78.7799446)
5,(42.317478, -71.4172548)
5,(41.2498213, -77.0075836)
5,(40.773416, -73.979787)
5,(40.9525987, -72.9253805)
5,(37.2866856, -76.7801476)
5,(41.0601468, -74.159919)
5,(41.6605918, -74.119187)
5,(40.6420045, -74.323777)
5,(42.8942688, -77.2881416)
5,(41.911975, -74.281949)
5,(40.191595, -75.030115)
5,(40.3552666, -74.619139)
5,(38.1464306, -76.6676943)
5,(40.041902099999994, -75.4876445)
5,(40.756329, -73.9656402)
5,(40.899218, -73.7804309)
5,(41.01210390000001, -73.8676407)
5,(39.000566000000006, -76.886487)
5,(40.62641519999999, -74.3832244)
5,(42.2431022, -70.8655715)
5,(39.223483, -76.834987)
5,(41.31596450000001, -75.9462279)
5,(42.3090582, -71.1329558)
5,(40.7504516, -73.978098)
5,(40.45116699999999, -79.955627)
5,(38.9981652, -77.2883157)
5,(42.1249339, -70.9457549)
5,(39.57097340000001, -76.1322633)
5,(41.428368000000006, -75.645079)
5,(41.664474, -72.6015302)
5,(38.9328122, -77.0684084)
5,(42.2675855, -71.35493200000002)
5,(38.76769370000001, -77.2022998)
5,(41.0258868, -73.5537525)
5,(40.0284195, -74.3016127)
5,(41.8387901, -71.3924816)
5,(44.5684325, -73.2407756)
5,(41.0349568, -73.5645956)
5,(42.6980867, -74.9343488)
5,(41.95874100000001, -74.135948)
5,(40.54053090000001, -74.4441246)
5,(44.0536805, -71.1284041)
5,(41.992919, -74.208123)
5,(41.4096051, -73.3026359)
5,(37.438754, -79.3237584)
5,(42.858439, -73.297782)
5,(40.740194, -73.04983)
5,(39.950113, -75.1761212)
5,(42.44951459999999, -73.2493233)
5,(42.15435, -71.2297079)
5,(43.7257759, -70.2549214)
5,(40.880191, -73.1380439)
5,(38.8739531, -77.1443719)
5,(39.0858317, -77.2226992)
5,(44.3031021, -69.7831089)
5,(42.7000559, -73.85361)
5,(39.8631051, -77.9519394)
5,(42.7969433, -71.1311063)
5,(39.3783746, -76.9713503)
5,(42.732054000000005, -73.7330724)
5,(42.07867699999999, -73.377511)
5,(36.891466599999994, -76.2974614)
5,(40.3870938, -74.656093)
5,(41.2204574, -73.1041305)
5,(41.281693000000004, -70.0968202)
5,(42.05158800000001, -74.110574)
5,(38.9239275, -77.0433075)
5,(42.473053, -78.940564)
5,(39.9880422, -81.1716728)
5,(38.9801167, -76.9536578)
5,(40.166046, -77.424801)
5,(38.2757401, -78.3055019)
5,(40.7450975, -73.539967)
5,(42.3823112, -71.0215842)
5,(42.3330949, -72.6410601)
5,(38.90439740000001, -77.14656260000001)
5,(38.960586600000006, -77.1774407)
5,(42.511385499999996, -71.2056182)
5,(40.6477063, -73.5781022)
5,(38.944668, -76.506324)
5,(41.7276275, -72.7545809)
5,(38.876139800000004, -77.1386633)
5,(43.6930397, -72.2665658)
5,(38.9715067, -77.0555467)
5,(40.890951799999996, -72.5240436)
5,(40.7803229, -73.4046723)
5,(40.8671273, -73.9031721)
5,(43.76325649999999, -70.0246601)
5,(40.3465833, -79.9760001)
5,(40.75566549999999, -73.9078958)
5,(44.716299, -73.491055)
5,(41.057968300000006, -73.5658882)
5,(40.78482449999999, -73.9519795)
5,(40.312786, -78.93921)
5,(40.4136988, -74.2063721)
5,(42.8470003, -71.5989192)
5,(40.87655730000001, -74.0068049)
5,(40.406600999999995, -74.25347)
5,(43.8962379, -72.4598668)
5,(40.612685, -75.481241)
5,(40.75195899999999, -73.9902854)
5,(40.8939319, -74.5725143)
5,(39.996217, -75.2575449)
5,(39.899293, -75.479908)
5,(40.681419, -73.660443)
5,(42.4767066, -71.3976332)
5,(41.6940361, -72.6017834)
5,(42.0917471, -78.4950328)
5,(40.73277800000001, -73.9934805)
5,(40.5923255, -73.580684)
5,(43.0322927, -76.0679399)
5,(40.3196825, -75.1340841)
5,(40.8042104, -73.968208)
5,(42.2070215, -70.8119939)
5,(40.8507254, -73.2669975)
5,(38.8674129, -77.1369089)
5,(39.0503791, -77.0274398)
5,(39.193373300000005, -76.8926398)
5,(40.3420664, -79.9626726)
5,(42.42040329999999, -71.1717792)
5,(41.7534166, -72.7403674)
5,(42.3760324, -71.1307252)
5,(42.2811558, -71.063723)
5,(41.4584706, -72.0860854)
5,(41.859286899999994, -77.8235387)
5,(38.9400728, -76.9873923)
5,(41.03428799999999, -73.8732366)
5,(40.764801, -73.798371)
5,(42.0944147, -72.5228428)
5,(41.797344, -72.7700904)
5,(41.13900199999999, -80.749486)
5,(40.8880656, -79.8831359)
5,(39.729915999999996, -76.396319)
5,(41.150389499999996, -73.4997504)
5,(42.1833574, -70.8870344)
5,(42.8441479, -73.730898)
5,(40.04809500000001, -75.38430420000002)
5,(43.1023636, -77.5630044)
5,(43.2548074, -73.0987801)
5,(42.135841, -71.30914700000001)
5,(40.76073600000001, -73.721491)
5,(40.73956989999999, -73.4435459)
5,(40.58034120000001, -75.5003432)
5,(40.665883, -73.976603)
5,(41.1953941, -73.11811950000002)
5,(41.1671645, -80.6356861)
5,(39.147462999999995, -77.195852)
5,(42.345671100000004, -71.1175346)
5,(43.7072496, -72.2687998)
5,(40.199782, -75.0705324)
5,(39.969267200000004, -74.227603)
5,(43.90691660000001, -70.0186809)
5,(41.07596560000001, -73.5751114)
5,(38.8647549, -77.0843609)
5,(41.029176699999994, -74.6757818)
5,(42.2372797, -71.4416337)
5,(40.952395, -74.854536)
5,(43.8870032, -69.5571596)
5,(40.9579421, -73.9690045)
5,(40.7319807, -74.2580613)
5,(42.4125557, -71.1577038)
5,(38.966899, -77.0619698)
5,(41.765787200000005, -72.71949530000002)
5,(43.203381400000005, -71.5560678)
5,(40.8551618, -73.935547)
5,(38.9074946, -77.1810517)
5,(42.6300285, -70.7496175)
5,(42.2836296, -71.2463348)
5,(42.9573337, -77.4607734)
5,(40.369032, -80.038884)
5,(42.4546401, -71.0793262)
5,(40.88194, -73.9204639)
5,(39.2314251, -76.8678455)
5,(40.3258776, -75.0289776)
5,(41.4577393, -70.6148725)
5,(42.0274244, -70.7375074)
5,(40.789089, -73.979861)
5,(38.7419719, -77.051851)
5,(38.908353999999996, -78.1305299)
5,(42.37971759999999, -71.299508)
5,(41.798521, -73.5358)
5,(40.783066399999996, -73.9714135)
5,(40.4133673, -74.1153907)
5,(40.7113227, -74.2910223)
5,(39.500384, -76.3631865)
5,(44.734523, -75.426796)
5,(41.3207533, -72.9693232)
5,(42.48092429999999, -70.9058282)
5,(40.783024399999995, -73.9788766)
5,(40.6050905, -79.75333800000001)
5,(39.4925932, -74.4679398)
5,(41.583821, -73.883981)
5,(40.2218684, -75.1259047)
5,(39.934219600000006, -75.004362)
5,(42.4674772, -76.4597758)
5,(42.4829753, -71.823359)
5,(42.3772884, -71.1343901)
5,(44.5000584, -73.0798522)
5,(43.031141299999994, -76.1063792)
5,(38.9595232, -77.2284535)
5,(42.6563735, -73.75204670000001)
5,(40.73716999999999, -74.572909)
5,(39.418438, -76.565237)
5,(39.214019, -76.820873)
5,(38.8216821, -77.1531991)
5,(39.9450628, -76.701966)
5,(40.95671850000001, -73.9521224)
5,(40.5276697, -79.8018341)
5,(37.18224779999999, -77.3697309)
5,(40.3660341, -75.9136608)
5,(42.1335868, -70.9265358)
5,(40.7706748, -73.9802006)
5,(41.1199114, -73.53293400000001)
5,(40.69197599999999, -73.9949021)
5,(40.8343122, -73.6989854)
5,(40.8919523, -74.0530504)
5,(38.9304957, -77.0882998)
5,(40.7891915, -73.7228786)
5,(39.2901641, -76.5859369)
5,(42.35280960000001, -71.0730967)
5,(42.3972377, -71.4339461)
5,(40.34971230000001, -74.7546112)
5,(40.7515453, -73.9735893)
5,(40.3532933, -74.6628313)
5,(40.9931529, -74.2814757)
5,(41.098956, -74.032083)
5,(40.96343350000001, -72.1848009)
5,(40.0015972, -75.282664)
5,(42.34194480000001, -71.2035742)
5,(43.1013943, -79.0295474)
5,(43.524724, -72.26894740000002)
5,(39.06635080000001, -77.193157)
5,(41.9907636, -70.0562686)
5,(42.87119340000001, -76.9916904)
5,(40.7399827, -74.3884583)
5,(40.009473099999994, -75.2820098)
5,(38.816542399999996, -77.0396919)
5,(41.902287, -71.507535)
5,(44.413022, -68.2607978)
5,(44.09679909999999, -70.2357825)
5,(40.7891285, -73.7161232)
5,(41.756509, -71.339857)
5,(38.98052650000001, -77.0180036)
5,(40.0988226, -75.0399866)
5,(38.9853084, -77.3378368)
5,(39.859842, -75.147504)
5,(38.97740699999999, -77.0644569)
5,(41.73002230000001, -72.7048359)
5,(41.659954, -73.66037)
5,(38.995416999999996, -77.0488927)
5,(41.7162587, -72.5479173)
5,(41.2976617, -72.3223831)
5,(40.985217000000006, -73.8690016)
5,(38.75792599999999, -77.2286541)
5,(41.7705152, -73.8907688)
5,(43.60391270000001, -71.4179318)
5,(40.5752099, -73.9667901)
5,(38.8090654, -77.5962252)
5,(37.2821249, -76.7287335)
5,(40.805773, -73.9671369)
5,(42.3430384, -71.12861)
5,(41.6701529, -70.0568831)
5,(40.792659, -73.9663826)
5,(42.434368, -73.247865)
5,(42.3744287, -71.1240135)
5,(43.97058599999999, -76.187045)
5,(40.7445267, -73.7755309)
5,(41.8057668, -72.7673729)
5,(43.21931800000001, -71.5097185)
5,(41.4669632, -73.391396)
5,(41.3182387, -74.2211579)
5,(40.827423, -74.1143875)
5,(42.383849000000005, -75.339397)
5,(40.82925730000001, -73.493729)
5,(40.66064819999999, -75.3793831)
5,(43.05815299999999, -77.479303)
5,(40.128487, -75.111237)
5,(38.936436400000005, -77.0369001)
5,(42.0176339, -73.3313041)
5,(40.4868493, -78.54575660000002)
5,(40.6983738, -73.647639)
5,(38.897744, -77.145557)
5,(42.6228046, -71.3307801)
5,(40.68652720000001, -73.9863599)
5,(38.9389108, -80.8181749)
5,(39.08274490000001, -76.5267318)
5,(43.028592700000004, -77.0978427)
5,(39.9133034, -75.3477251)
5,(39.6601233, -75.5749906)
5,(40.983268, -74.116498)
5,(40.4197853, -74.5719973)
5,(40.790005, -73.548844)
5,(40.2369233, -74.3030735)
5,(42.3879169, -71.3521047)
5,(39.3209558, -77.42745130000002)
5,(41.3983403, -71.4893013)
5,(42.6230353, -71.4195118)
5,(38.8883732, -77.1399382)
5,(40.2873953, -74.6409868)
5,(40.7346986, -73.9868592)
5,(41.2683378, -72.6392656)
5,(36.6830775, -76.9396829)
5,(40.7797017, -73.9857936)
5,(42.056056, -77.038152)
5,(44.257294, -72.575615)
5,(41.0547742, -73.5718447)
5,(37.64604299999999, -77.628354)
5,(41.7709845, -70.0653828)
5,(42.1861804, -71.3212623)
5,(42.659425, -74.006393)
5,(43.662164, -71.7399845)
5,(39.26732940000001, -76.8231953)
5,(39.050977, -77.166455)
5,(44.41789729999999, -73.2155343)
5,(42.1201666, -71.5502485)
5,(42.4052426, -71.5703327)
5,(40.3663226, -74.6363846)
5,(40.374392, -80.043629)
5,(42.462981600000006, -71.2352421)
5,(41.3458089, -73.3709399)
5,(44.3871759, -68.2051461)
5,(40.920319, -73.9039489)
5,(38.9963477, -77.0291804)
5,(42.0291114, -70.7423685)
5,(42.4584976, -71.1995496)
5,(41.3556276, -72.6223854)
5,(42.3581173, -71.0497989)
5,(40.01129350000001, -75.3125018)
5,(41.7611901, -72.7710913)
5,(40.774102, -74.453012)
5,(39.05095540000001, -76.9514713)
5,(42.458847, -71.34085)
5,(42.3643949, -71.1089315)
5,(42.964723, -78.878305)
5,(40.787211, -74.590252)
5,(39.1072487, -77.491706)
5,(40.4353753, -74.4136049)
5,(42.717223000000004, -73.780219)
5,(38.7336088, -77.0583729)
5,(40.053567, -75.415939)
5,(38.9315765, -77.0574749)
5,(41.4870769, -71.3074396)
5,(40.784488800000005, -73.6565824)
5,(38.9155543, -77.212394)
5,(42.4354521, -71.1686599)
5,(38.785175, -76.5481058)
5,(42.3375617, -71.1400821)
5,(38.9924845, -77.352203)
5,(40.875754, -73.264252)
5,(38.90748370000001, -77.0594349)
5,(42.6199941, -73.8428963)
5,(42.4100655, -71.163047)
5,(40.19953069999999, -74.7916822)
5,(38.846826, -77.1552313)
5,(40.0293699, -75.20745220000002)
5,(38.8350537, -77.1907652)
5,(42.6752709, -71.1458101)
5,(39.0676982, -76.9717347)
5,(39.0905308, -77.1123656)
5,(40.41841, -74.981032)
5,(40.87806669999999, -73.916915)
5,(40.283024, -74.7227319)
5,(40.9033712, -73.57224510000002)
5,(40.6202449, -73.9262727)
5,(42.063155, -71.256035)
5,(44.3150747, -75.9508274)
5,(40.324761599999995, -74.7185964)
5,(42.190307, -70.9475851)
5,(42.9836184, -70.9749308)
5,(41.8990429, -72.9403897)
5,(40.7736419, -73.9593133)
5,(40.7731238, -73.9648894)
5,(40.8574113, -73.9667421)
5,(41.96292350000001, -71.1804988)
5,(42.52797919999999, -71.7703821)
5,(42.7607109, -71.5235311)
5,(40.8073171, -73.96664660000002)
5,(39.828991, -77.2404949)
5,(41.963770600000004, -72.8055992)
5,(38.921398, -77.1003391)
5,(40.034965, -74.16915)
5,(42.9823738, -78.7573954)
5,(40.735973300000005, -73.9981431)
5,(42.3354043, -71.1372562)
5,(39.9041656, -75.3857603)
5,(40.741344000000005, -73.6312275)
5,(42.1416786, -77.1346417)
5,(41.8396882, -72.6719151)
5,(38.821047, -77.0771819)
5,(42.7423315, -71.2837915)
5,(41.7533204, -72.5011002)
5,(40.801815000000005, -74.5839249)
5,(41.0753459, -73.5641122)
5,(40.805947100000004, -73.7077473)
5,(41.0131785, -73.7613853)
5,(41.34955500000001, -72.92201300000002)
5,(39.20246600000001, -77.155122)
5,(40.7148194, -74.010548)
5,(40.7388793, -74.03979990000002)
5,(44.0641064, -69.5063201)
5,(40.31076000000001, -74.211694)
5,(42.34569330000001, -71.1251091)
5,(41.2098161, -73.9808991)
5,(40.913395900000005, -73.306062)
5,(40.7680258, -73.9532922)
5,(39.9398215, -77.6652055)
5,(42.368719, -71.247041)
5,(40.656036, -73.916897)
5,(42.49482499999999, -71.2073812)
5,(43.699597, -72.2914719)
5,(42.3422, -71.1300458)
5,(41.0264833, -73.6473589)
5,(40.653711, -74.330314)
5,(42.1479, -76.001432)
5,(43.6510742, -70.2612465)
5,(40.8367511, -73.9770894)
5,(40.625864799999995, -74.1161271)
5,(38.8741995, -77.11517)
5,(38.817814, -77.218205)
5,(40.7833783, -77.83777630000002)
5,(42.93139359999999, -71.5186784)
5,(42.4510842, -71.877026)
5,(39.056736, -77.009141)
5,(40.7506027, -73.7197561)
5,(41.1327623, -74.6198492)
5,(40.865279, -73.901079)
5,(37.5987182, -77.5810395)
5,(42.84328190000001, -71.5763968)
5,(42.1511413, -71.2882426)
5,(41.526974, -73.910487)
5,(42.2557495, -70.9678956)
5,(42.3639728, -71.1880343)
5,(40.94629299999999, -74.2611728)
5,(41.646141, -73.1330563)
5,(42.352891400000004, -72.5297002)
5,(39.46056, -76.7962979)
5,(40.2912119, -76.7907518)
5,(40.72783, -73.8581559)
5,(44.3395672, -72.7508383)
5,(40.8701409, -73.369421)
5,(42.371278600000004, -71.1880819)
5,(40.04697540000001, -75.5404668)
5,(41.661658700000004, -72.631554)
5,(42.655562, -73.763338)
5,(42.695982, -74.92935400000002)
5,(42.4272847, -71.0428724)
5,(40.7387684, -73.9991168)
5,(42.28000140000001, -71.1547172)
5,(42.7041955, -78.6811503)
5,(39.9196576, -75.05928620000002)
5,(42.4262224, -76.4990172)
5,(39.025235, -77.275985)
5,(40.2071367, -75.3520851)
5,(40.0509786, -75.1882215)
5,(40.79828570000001, -73.9729866)
5,(40.9776884, -74.1321561)
5,(42.55695200000001, -70.887837)
5,(40.7746765, -74.2635658)
5,(42.3615777, -71.1092822)
5,(42.1713504, -72.6524611)
5,(40.80003680000001, -73.9693392)
5,(39.407201300000004, -77.4404677)
5,(39.9758012, -75.568396)
5,(40.9051828, -73.9630172)
5,(44.3098209, -69.8035248)
5,(37.29, -76.51)
5,(40.41726620000001, -74.376749)
5,(42.3699602, -71.3090051)
5,(40.71801500000001, -73.9052339)
5,(42.4163679, -71.1756235)
5,(41.691536000000006, -73.765152)
5,(40.7758955, -73.9778987)
5,(40.970697, -74.096456)
5,(38.9903692, -76.8429233)
5,(41.9419653, -72.6012723)
5,(42.311624, -71.100671)
5,(42.3172407, -71.2050878)
5,(40.67087899999999, -73.978769)
5,(40.104865399999994, -75.4127879)
5,(38.9308353, -77.0829878)
5,(42.3247412, -71.2199423)
5,(41.026392, -73.561884)
5,(42.6242404, -75.33156)
5,(40.7677409, -73.9652267)
5,(40.724777, -73.9848786)
5,(39.7395605, -75.6644412)
5,(40.8525349, -73.9389952)
5,(38.963745, -77.079537)
5,(39.088840600000005, -77.2434434)
5,(39.9004024, -75.3467509)
5,(40.58006180000001, -73.9696468)
5,(41.03536299999999, -73.69332200000001)
5,(39.9097432, -75.4518169)
5,(40.7507032, -73.9768459)
5,(40.4952852, -74.5502558)
5,(40.87268920000001, -73.9823329)
5,(40.6585726, -73.6273034)
5,(40.5612605, -79.9412935)
5,(39.0302451, -77.0936957)
5,(40.8545472, -73.9391909)
5,(41.7102731, -70.7540965)
5,(40.055047, -75.19681)
5,(40.6965402, -73.9969675)
5,(41.076814399999996, -73.8540377)
5,(39.3900248, -76.7075387)
5,(40.81908390000001, -74.109949)
5,(40.801357200000005, -73.9704204)
5,(40.8747942, -73.1613233)
5,(40.725836, -73.710396)
5,(41.8209334, -72.2870789)
5,(39.3253786, -77.7388818)
5,(40.21223319999999, -74.8605884)
5,(41.71832890000001, -70.1932287)
5,(42.567661, -71.739696)
5,(41.368399399999994, -72.9051963)
5,(41.7584437, -72.5455953)
5,(40.697925299999994, -73.556343)
5,(42.7596582, -71.0353607)
5,(40.871724, -73.837099)
5,(42.0563332, -71.5941511)
5,(40.355016799999994, -74.6161145)
5,(40.074219, -75.134348)
5,(39.955915, -76.969931)
5,(42.4172812, -71.2441967)
5,(40.7164281, -74.3485673)
5,(41.3196253, -73.8009031)
5,(40.75042599999999, -73.33710000000002)
5,(43.7616301, -71.7059951)
5,(42.4975669, -70.922548)
5,(41.1450701, -74.0674852)
5,(40.716310500000006, -73.831473)
5,(38.8645331, -77.17758300000001)
5,(39.9137522, -75.4564589)
5,(38.91438990000001, -77.4176319)
5,(38.777492, -77.27739)
5,(39.951515, -75.4656866)
5,(38.8707969, -77.0983311)
5,(43.8637834, -69.6341663)
5,(40.6908334, -74.395056)
5,(39.23746700000001, -76.980597)
5,(40.8787824, -73.9147502)
5,(40.8540189, -73.9044763)
5,(41.910841, -73.738927)
5,(42.512718, -76.548013)
5,(40.7245281, -73.4703623)
5,(38.9476934, -77.0947812)
5,(42.329127, -71.2046578)
5,(42.7798035, -70.8247837)
5,(41.20828000000001, -74.608135)
5,(40.776509600000004, -73.952023)
5,(40.721094, -73.871951)
5,(40.70700240000001, -80.0702354)
5,(42.8143884, -73.9026522)
5,(40.6167609, -74.007246)
5,(43.048134, -75.373332)
5,(40.15189899999999, -76.2922136)
5,(44.0548021, -70.71286840000002)
5,(40.1086624, -75.2081704)
5,(39.1459645, -77.232766)
5,(40.39150140000001, -74.2908343)
5,(38.5708338, -75.2799638)
5,(41.1787851, -73.8707532)
5,(40.7420421, -73.6291282)
5,(39.0286335, -77.1202873)
5,(41.0222775, -73.9695863)
5,(42.629239000000005, -71.3398492)
5,(40.60210870000001, -73.9673742)
5,(43.6674323, -73.039806)
5,(41.198036, -73.8742697)
5,(40.8344377, -74.2449437)
5,(41.1768102, -74.008069)
5,(40.5746438, -74.6167865)
5,(40.213795100000006, -74.869807)
5,(42.9693393, -72.5459907)
5,(41.037436, -73.762009)
5,(40.901478, -73.770515)
5,(41.4057779, -73.519105)
5,(41.12014799999999, -73.969218)
5,(40.1809966, -76.9840961)
5,(40.761853, -73.82515300000001)
5,(40.732852, -73.978007)
5,(43.9089564, -71.3431624)
5,(40.170269, -75.0919815)
5,(40.9855687, -76.6595194)
5,(42.175975, -71.0433216)
5,(42.861604, -71.5155269)
5,(40.628048, -73.9605486)
5,(38.9217311, -77.8625146)
5,(38.7895142, -77.311062)
5,(40.732805, -73.9941357)
5,(41.1175702, -74.000571)
5,(43.1256495, -70.9299683)
5,(41.738966600000005, -72.8417436)
5,(42.3154435, -71.8178304)
5,(40.355202000000006, -74.6159105)
5,(40.7740875, -73.9562111)
5,(40.6341329, -80.0704679)
5,(38.87559490000001, -76.640882)
5,(40.8896408, -74.0321606)
5,(38.984834899999996, -77.145264)
5,(42.2905158, -71.2540156)
5,(41.121817199999995, -74.0147846)
5,(42.3919956, -71.1245458)
5,(40.429561, -79.927641)
5,(40.773835, -73.923537)
5,(41.21750750000001, -73.1340381)
5,(42.4267648, -71.2285133)
5,(40.730822399999994, -73.978997)
5,(39.195766, -77.189304)
5,(42.8095341, -71.0027465)
5,(43.270506, -75.279919)
5,(42.3986223, -71.1122295)
5,(39.1098725, -76.9441049)
5,(39.9242476, -75.3907729)
5,(40.5839224, -73.6399254)
5,(40.8199154, -73.2966803)
5,(39.1091679, -77.1658373)
5,(38.8486273, -77.3448301)
5,(41.765236300000005, -72.7208557)
5,(39.4775053, -76.5272554)
5,(39.008991, -76.696179)
5,(42.62980900000001, -72.347911)
5,(41.973936900000005, -72.6497925)
5,(40.8684135, -73.9179201)
5,(41.361489, -73.0136621)
5,(41.0591123, -73.9952303)
5,(36.8938927, -76.1568789)
5,(40.77113510000001, -73.9828924)
5,(42.3340522, -71.1908401)
5,(39.4343186, -76.6200435)
5,(43.0462277, -77.4399053)
5,(40.350967, -80.1412268)
5,(38.983225, -77.079415)
5,(42.231226, -74.555984)
5,(39.0080667, -77.1259584)
5,(39.8094194, -75.5014409)
5,(38.8718214, -77.2062832)
5,(39.15054529999999, -77.2036555)
5,(42.300907, -71.282317)
5,(40.2272366, -74.8184975)
5,(40.77174610000001, -74.2920754)
5,(40.633733, -74.122082)
5,(42.2934924, -71.8332925)
5,(43.1500392, -77.5436787)
5,(40.8230545, -73.9201694)
5,(39.15031, -77.1987138)
5,(39.9216831, -76.7122232)
5,(41.86130500000001, -72.786863)
5,(40.76321120000001, -73.965853)
5,(41.8905353, -80.1452613)
5,(40.776362999999996, -73.9446307)
5,(40.09745, -76.0715743)
5,(40.9136411, -73.9032649)
5,(40.9059736, -80.8425827)
5,(40.799457399999994, -73.9698074)
5,(42.317302, -71.1899692)
5,(44.29995300000001, -74.0844909)
5,(40.87364300000001, -73.902164)
5,(40.724342, -74.622821)
5,(40.391416299999996, -74.6621543)
5,(40.0804184, -75.5010793)
5,(41.335186, -71.906268)
5,(38.666865, -77.1750922)
5,(40.579733, -79.925561)
5,(41.6238164, -71.0735516)
5,(40.7140099, -73.978862)
5,(40.789841, -74.2138494)
5,(39.28970859999999, -80.2506316)
5,(43.2283532, -71.514264)
5,(40.940604900000004, -73.7592261)
5,(41.857058, -71.39336500000002)
5,(40.0258624, -76.0695761)
5,(42.133793, -76.903027)
5,(40.941783, -73.774069)
5,(40.7201416, -73.9867264)
5,(39.9844111, -74.9483891)
5,(43.68125119999999, -72.3011743)
5,(40.533948900000006, -79.8883502)
5,(41.78850119999999, -72.879522)
5,(40.1114093, -75.0685654)
5,(42.39171029999999, -71.1671469)
5,(42.4470263, -71.3193077)
5,(41.1335717, -74.0333522)
5,(40.7316522, -74.004198)
5,(41.084790999999996, -73.921003)
5,(41.559604199999995, -71.0644757)
5,(42.4686058, -76.4852368)
5,(41.4468772, -73.4074982)
5,(40.1993531, -75.068768)
5,(40.7487194, -73.9783126)
5,(40.99996829999999, -73.8704631)
5,(42.2985008, -71.7101371)
5,(40.9253776, -72.2781375)
5,(40.7895098, -73.4908194)
5,(39.446202099999994, -74.5083669)
5,(40.6285809, -73.954196)
5,(41.3407046, -73.4939369)
5,(43.992605, -73.153378)
5,(38.863923, -77.271469)
5,(37.5412728, -76.4086892)
5,(41.3568253, -72.392207)
5,(40.9594039, -73.9973328)
5,(38.9117216, -77.0369577)
5,(42.289429299999995, -71.2969375)
5,(42.570041700000004, -71.2301649)
5,(40.8964624, -73.8112956)
5,(40.7026294, -80.1184014)
5,(38.02898379999999, -78.43853480000001)
5,(43.8073098, -69.992644)
5,(38.915785, -77.0427727)
5,(40.7326726, -73.8602993)
5,(40.4060044, -74.1127415)
5,(43.66471, -70.29347)
5,(42.3249768, -71.2691193)
5,(41.2865843, -73.9102017)
5,(42.4304619, -71.0318417)
5,(41.1609304, -73.29313540000001)
5,(38.9228204, -77.1310385)
5,(39.395641600000005, -76.6423079)
5,(42.4940439, -71.2693282)
5,(43.0709269, -71.44988350000001)
5,(40.449012999999994, -79.952569)
5,(43.1236081, -77.6038754)
5,(38.3975883, -78.8342282)
5,(41.822994, -69.98459)
5,(38.963669499999995, -77.0924178)
5,(41.2169998, -73.2656409)
5,(42.0383045, -72.58565060000001)
5,(40.7788668, -73.9524683)
5,(38.9969229, -77.0070471)
5,(38.7715843, -75.1399493)
5,(40.9829813, -73.7904084)
5,(42.2211499, -70.807292)
5,(38.9709379, -77.0086259)
5,(40.77860239999999, -73.9800202)
5,(40.466710600000006, -74.332075)
5,(41.122184, -73.744845)
5,(41.5568298, -73.24978210000002)
5,(41.08801489999999, -73.5411619)
5,(40.6703253, -73.9724152)
5,(42.6000129, -70.8345358)
5,(42.7978974, -71.6009346)
5,(41.6926522, -71.4258049)
5,(42.199752, -76.560116)
5,(41.160053000000005, -73.984016)
5,(42.090502, -72.570993)
5,(40.7663503, -73.9634601)
5,(40.846883, -73.9689072)
5,(37.9948558, -76.7092482)
5,(41.1085795, -73.515435)
5,(40.765687, -73.773766)
5,(41.5441238, -73.4912614)
5,(39.0033332, -76.8756123)
5,(39.246698, -77.254149)
5,(40.8937477, -73.9112415)
5,(41.307380800000004, -72.8926439)
5,(40.8068734, -74.3148299)
5,(42.8020708, -71.5975283)
5,(40.7882551, -73.9550364)
5,(38.07444559999999, -78.4880543)
5,(40.5023854, -79.8435204)
5,(42.6223538, -70.8790848)
5,(43.2193619, -77.5948389)
5,(40.856259, -73.93494220000001)
5,(43.130829, -70.9242341)
5,(40.5499724, -79.9902914)
5,(38.9378249, -77.2896928)
5,(40.004259000000005, -75.289432)
5,(43.0535998, -70.8905577)
5,(39.9384719, -75.8705432)
5,(40.9587341, -73.8067273)
5,(41.7561187, -74.0648254)
5,(40.762543, -73.787762)
5,(40.975913, -73.970416)
5,(39.76928, -75.662454)
5,(42.77991349999999, -70.9899718)
5,(40.95837, -73.797946)
5,(41.138203, -74.005053)
5,(41.32389030000001, -72.9237258)
5,(44.5376649, -73.277628)
5,(41.1487762, -73.2311781)
5,(38.9094318, -77.105087)
5,(42.9692396, -78.840467)
5,(43.730419399999995, -72.2692185)
5,(40.0188104, -75.2975116)
5,(41.0267671, -74.3275937)
5,(40.3110608, -76.5967825)
5,(40.371776800000006, -79.99388)
5,(40.5710261, -78.3892024)
5,(41.75149799999999, -71.329278)
5,(42.2384032, -71.3639209)
5,(41.352011, -72.0493456)
5,(40.766283, -73.966746)
5,(42.211799, -76.050621)
5,(38.661535, -75.34763)
5,(43.002775099999994, -78.706888)
5,(38.90477280000001, -77.0429202)
5,(40.184537, -77.2068595)
5,(42.1967144, -73.3763723)
5,(39.0239229, -77.1540935)
5,(43.2995675, -73.63071)
5,(41.085579900000006, -74.064636)
5,(40.7830779, -73.9556481)
5,(39.86548630000001, -75.5267721)
5,(41.2911828, -73.4774471)
5,(40.9826995, -73.7038495)
5,(40.7492566, -73.9948792)
5,(42.30757040000001, -71.3390588)
5,(40.6076294, -74.4630246)
5,(41.38429570000001, -72.5867214)
5,(40.6448094, -73.6546801)
5,(39.670602, -75.707913)
5,(39.36113199999999, -76.734755)
5,(40.75828469999999, -73.967974)
5,(42.669825, -70.79242)
5,(42.4058279, -71.358249)
5,(42.4742835, -76.4902273)
5,(42.9770332, -70.9559883)
5,(38.96533529999999, -76.5743533)
5,(40.018893000000006, -79.128844)
5,(41.673268, -71.4588009)
5,(40.9893383, -73.8702145)
5,(38.256439, -76.793304)
5,(42.49018970000001, -79.0217066)
5,(42.3220717, -71.1283429)
5,(40.9607004, -76.5824061)
5,(40.8311979, -74.1960169)
5,(38.8396267, -77.2296549)
5,(41.571255, -72.922814)
5,(38.9087199, -77.0880168)
5,(42.3727519, -71.1733312)
5,(40.984003, -74.592203)
5,(42.9649388, -76.229941)
5,(41.1764227, -73.9605224)
5,(43.652748, -71.4747224)
5,(39.35099, -76.565787)
5,(41.6019812, -72.6606353)
5,(42.39862899999999, -71.096063)
5,(38.98272800000001, -77.219666)
5,(42.248714400000004, -71.4516863)
5,(40.880184, -74.456067)
5,(41.0213388, -73.8373973)
5,(40.792196000000004, -73.9771618)
5,(38.3699571, -75.5780082)
5,(43.201892, -71.565726)
5,(40.057835, -75.609556)
5,(40.738465, -73.924085)
5,(38.87224100000001, -77.017894)
5,(40.8163469, -73.9600792)
5,(38.945341, -76.479445)
5,(40.71779, -73.8792579)
5,(43.130117999999996, -77.558552)
5,(40.6600755, -73.5387472)
5,(40.882357, -73.412801)
5,(42.9239404, -70.8824937)
5,(38.960517, -77.0616788)
5,(37.2620193, -76.7173994)
5,(39.999557, -75.2630889)
5,(42.3097365, -71.1151431)
5,(42.3470189, -71.5598394)
5,(42.23789190000001, -70.8273115)
5,(41.5992405, -73.9728755)
5,(40.726665999999994, -74.047967)
5,(39.10151, -77.015005)
5,(38.6371025, -77.3411992)
5,(40.74345300000001, -74.0012822)
5,(42.236774999999994, -71.2091173)
5,(40.7856876, -73.9797381)
5,(42.3170511, -72.6269799)
5,(38.59839, -78.8188179)
5,(40.3487767, -74.6200533)
5,(39.984004, -76.77916)
5,(40.6756771, -73.53973420000001)
5,(43.0522386, -75.279686)
5,(42.7297579, -70.896666)
5,(38.72796459999999, -77.0454754)
5,(40.908156000000005, -78.4864489)
5,(42.3237586, -71.05987990000001)
5,(42.5031266, -72.5058183)
5,(41.7201365, -73.0704986)
5,(41.2611868, -73.4205143)
5,(44.744147, -73.6127)
5,(40.6695316, -73.9821404)
5,(40.79600520000001, -73.6909654)
5,(40.7910295, -74.2526343)
5,(43.8908042, -70.2946864)
5,(40.7667994, -73.9841263)
5,(38.927691, -76.330783)
5,(43.625098, -70.2547637)
5,(42.3836981, -71.1283182)
5,(43.156801, -77.60042940000001)
5,(42.30076379999999, -71.2307422)
5,(43.21981, -71.492546)
5,(41.8357143, -71.3946862)
5,(40.7240284, -73.8500846)
5,(40.6418577, -73.9666831)
5,(38.0154848, -78.5079705)
5,(44.493398, -73.17598300000002)
5,(39.4772609, -77.8761775)
5,(43.0141015, -76.126125)
5,(41.973999, -73.768644)
5,(41.23811959999999, -77.053641)
5,(38.8379059, -77.0852638)
5,(43.08563999999999, -70.682087)
5,(41.551028, -70.6166035)
5,(40.07878699999999, -76.273752)
5,(42.4603334, -71.2422965)
5,(40.724945, -73.718499)
5,(38.3938737, -78.831127)
5,(40.723126, -73.88286300000001)
5,(41.4795752, -73.246846)
5,(40.735417999999996, -73.8904791)
5,(39.223761, -76.8650594)
5,(40.8828625, -73.9112814)
5,(40.7565048, -74.9742385)
5,(43.886452, -72.214268)
5,(42.3753797, -71.1307052)
5,(39.0433445, -77.0300904)
5,(40.7802167, -73.9588402)
5,(40.8444604, -74.1414633)
5,(38.9615254, -76.9984736)
5,(43.118805599999995, -77.5683565)
5,(42.3452764, -71.7836385)
5,(38.9844725, -77.0958804)
5,(40.6770658, -80.1297738)
5,(41.8380409, -71.382961)
5,(40.671636, -73.9751714)
5,(44.192876, -72.810762)
5,(38.984895, -77.198562)
5,(40.733729, -73.9974822)
5,(38.8165383, -77.0396702)
5,(40.8985172, -81.1142902)
5,(41.924531, -73.98432)
5,(43.206859, -71.7603229)
5,(42.67889439999999, -73.7402653)
5,(42.424943, -76.411363)
5,(38.8379561, -77.1286052)
5,(39.08223000000001, -77.101266)
5,(40.096137, -75.200443)
5,(40.9005152, -73.5492955)
5,(39.04919400000001, -77.410523)
5,(40.7679038, -73.9567274)
5,(40.903020000000005, -73.90045300000001)
5,(37.60715799999999, -77.4461985)
5,(42.478645, -73.273839)
5,(40.7421982, -73.9818744)
5,(40.313901, -80.1104825)
5,(40.2006164, -75.0699182)
5,(40.77134420000001, -73.9599107)
5,(42.346094, -71.080326)
5,(40.9015181, -74.0237178)
5,(40.693715600000004, -73.4904514)
5,(42.4009198, -71.1777166)
5,(40.580319900000006, -80.0102001)
5,(42.177222, -79.808993)
5,(42.8644185, -71.9544665)
5,(41.114693700000004, -73.4897688)
5,(38.7328633, -77.2025286)
5,(39.046028, -77.1699962)
5,(42.342344, -71.07834)
5,(40.98449599999999, -73.675583)
5,(39.04729150000001, -76.9505283)
5,(40.7624808, -73.96344660000001)
5,(40.7283574, -74.0328469)
5,(39.2699177, -76.725505)
5,(42.5084031, -73.2264617)
5,(40.7468114, -74.0015324)
5,(41.142069, -73.2469674)
5,(40.6458783, -73.9814059)
5,(39.3026143, -76.6194186)
5,(38.695702, -75.118794)
5,(40.7825764, -73.971884)
5,(39.911987, -74.168762)
5,(39.099671, -76.9876479)
5,(41.8421198, -72.5040087)
5,(42.111613, -72.534842)
5,(38.068241, -78.623202)
5,(44.3542431, -73.2481503)
5,(38.8298701, -77.2147025)
5,(40.8055545, -73.7311972)
5,(44.5764155, -68.7418292)
5,(42.4208974, -71.1954572)
5,(39.025906, -76.539875)
5,(41.2006947, -77.2768251)
5,(39.90069390000001, -75.3447398)
5,(42.106155199999996, -71.2616155)
5,(42.6647674, -70.6757652)
5,(42.326104, -71.2090314)
5,(42.9500861, -78.79496180000001)
5,(41.6667599, -72.8880331)
5,(43.1584841, -77.45064960000002)
5,(40.78371409999999, -73.9792168)
5,(42.1136858, -72.0082882)
5,(39.982862, -76.2699558)
5,(41.3073983, -73.5235785)
5,(40.963643, -73.055937)
5,(38.9366635, -77.0830799)
5,(42.948274, -76.541936)
5,(39.4082191, -76.604741)
5,(40.7753716, -73.9509079)
5,(42.3686224, -71.3070129)
5,(42.811192, -73.899606)
5,(40.526208, -80.14405370000001)
5,(42.3633727, -71.1920711)
5,(42.2091405, -73.3239882)
5,(41.2983465, -73.6670495)
5,(38.8417875, -77.1490743)
5,(38.93274000000001, -77.0864388)
5,(39.9203211, -77.2990962)
5,(43.7065058, -70.8232645)
5,(39.578783, -76.245014)
5,(44.3313, -73.09059200000002)
5,(41.13212000000001, -73.3409456)
5,(40.75338210000001, -74.2656192)
5,(40.92050630000001, -73.747422)
5,(40.7567088, -72.9539835)
5,(40.965946, -72.970242)
5,(39.14941580000001, -77.1997476)
5,(42.4135634, -71.1577498)
5,(39.14905600000001, -76.990735)
5,(42.17139209999999, -70.8715495)
5,(40.729522300000006, -73.9951561)
5,(41.8854021, -72.8366114)
5,(40.018227, -76.367772)
5,(40.674861, -73.980026)
5,(38.713, -77.0653594)
5,(42.3504637, -71.1936276)
5,(39.1092756, -77.2431158)
5,(40.91037, -73.352878)
5,(41.2222554, -73.3166885)
5,(40.3153858, -75.1185053)
5,(39.012397, -77.04929640000002)
5,(40.8409736, -73.8456248)
5,(42.277007, -71.788278)
5,(40.912345, -74.289748)
5,(42.3048242, -71.2079599)
5,(42.1478102, -70.8343075)
5,(40.9257612, -76.1223272)
5,(41.84536069999999, -71.3928423)
5,(38.961144, -77.3317868)
5,(42.598687000000005, -74.3329156)
5,(40.1281028, -75.3589608)
5,(40.93973299999999, -73.9634231)
5,(40.17152050000001, -75.2416457)
5,(38.9176619, -76.8292564)
5,(41.4143003, -72.0614351)
5,(44.5434095, -68.4194641)
5,(43.388424, -72.4849861)
5,(40.773622399999994, -73.4936158)
5,(39.8048969, -75.934588)
5,(44.003634, -69.2082912)
5,(40.995903, -74.039702)
5,(43.696197500000004, -72.2880293)
5,(40.77296309999999, -73.9597604)
5,(38.7601, -76.106644)
5,(40.7620403, -73.7910964)
5,(43.148498700000005, -77.5454254)
5,(40.81566440000001, -73.2786792)
5,(43.047082, -76.102962)
5,(40.6704247, -74.4035627)
5,(42.4801023, -71.1485606)
5,(40.7790188, -73.9452319)
5,(42.9703092, -76.2498651)
5,(38.807187799999994, -77.049061)
5,(43.0128505, -78.7157315)
5,(40.7033401, -74.2748413)
5,(40.360126, -80.049553)
5,(42.4018568, -71.2271115)
5,(39.8131277, -75.5328355)
5,(40.704713, -73.728218)
5,(42.52260590000001, -71.1869904)
5,(38.975226, -77.0565715)
5,(40.7299087, -73.9863282)
5,(40.1778679, -75.51763690000001)
5,(43.0438341, -71.8838743)
5,(42.81174140000001, -73.9099009)
5,(39.8250814, -75.6755819)
5,(36.31038139999999, -78.5681835)
5,(41.24439670000001, -73.0064737)
5,(39.05081899999999, -77.193976)
5,(40.0150256, -75.2355874)
5,(43.091882, -77.571949)
5,(40.89952149999999, -73.0768072)
5,(44.3218861, -74.1215321)
5,(41.0203967, -73.58214880000001)
5,(37.4231373, -79.2042773)
5,(40.82054370000001, -73.2852475)
5,(39.0604102, -76.9442035)
5,(37.2367431, -80.3984382)
5,(40.037787099999996, -74.2657039)
5,(39.9459502, -75.1523091)
5,(43.104452800000004, -77.4512838)
5,(42.41517600000001, -71.346011)
5,(41.2510959, -72.8367865)
5,(39.03332799999999, -77.0286494)
5,(38.8387346, -77.104054)
5,(43.69157599999999, -72.2748342)
5,(38.9642186, -77.0793214)
5,(38.9646905, -77.0686158)
5,(42.4493955, -71.2212845)
5,(40.2667489, -74.4769092)
5,(42.4363533, -71.2105227)
5,(42.0597147, -73.9565768)
5,(42.7072885, -70.7986472)
5,(39.91455800000001, -75.510686)
5,(40.3481321, -74.6600712)
5,(41.0480189, -80.048416)
5,(44.3403739, -68.3909585)
5,(40.8597022, -73.9267545)
5,(40.4024541, -74.6497944)
5,(42.6615657, -71.1420347)
5,(40.210576, -75.4315363)
5,(40.75425200000001, -73.79661)
5,(43.143921899999995, -77.5916325)
5,(42.2665652, -70.8295353)
5,(39.9599509, -75.1681302)
5,(40.0898286, -74.216877)
5,(40.908158, -73.95689)
5,(41.079551, -74.043328)
5,(40.9139666, -74.0168403)
5,(40.8233987, -74.4296904)
5,(40.9206955, -73.9044727)
5,(41.2705051, -76.9725041)
5,(41.6969757, -70.0224493)
5,(41.99683, -73.189789)
5,(42.337963200000004, -71.13378670000002)
5,(37.8150876, -76.2796296)
5,(39.9650332, -75.0629127)
5,(39.22229540000001, -76.8589285)
5,(39.4381227, -77.8155173)
5,(40.787376800000004, -78.0111467)
5,(41.3686409, -72.8951876)
5,(39.1582147, -75.5233588)
5,(38.8369614, -77.1154139)
5,(38.8592706, -77.1038823)
5,(42.8706048, -71.9516746)
5,(40.4114999, -79.6726815)
5,(44.112053, -72.795914)
5,(38.77036270000001, -77.0798517)
5,(39.980928000000006, -75.645471)
5,(41.1249113, -73.5546835)
5,(42.06175, -76.207213)
5,(42.34545, -71.0872222)
5,(42.455208999999996, -71.1304)
5,(40.8915963, -73.1247342)
5,(40.70648239999999, -74.3957484)
5,(40.3357919, -79.8446072)
5,(42.43117500000001, -77.488702)
5,(42.0338428, -71.1820407)
5,(40.459578, -75.057886)
5,(39.0109259, -76.9814732)
5,(43.1259042, -70.7984977)
5,(41.500456, -71.2930994)
5,(39.10937150000001, -77.0718835)
5,(41.5700183, -71.0735476)
5,(37.620967799999995, -79.5058705)
5,(38.91031830000001, -77.040826)
5,(40.7319868, -73.9925238)
5,(44.503214, -73.1072164)
5,(40.164605, -75.231947)
5,(40.44009880000001, -74.458012)
5,(41.3791795, -73.4993393)
5,(42.0847689, -71.1207199)
5,(40.90026600000001, -73.9047037)
5,(40.060706, -75.194577)
5,(38.87402, -76.9645407)
5,(42.0600317, -71.2536885)
5,(41.2543508, -73.1083002)
5,(41.2056694, -73.2053428)
5,(40.0368637, -76.3259506)
5,(40.6661162, -75.3157223)
5,(42.9400016, -73.8515976)
5,(41.2665858, -73.7977579)
5,(44.4479678, -72.4495634)
5,(40.8039734, -73.7374445)
5,(39.961507999999995, -75.19532)
5,(40.510644, -74.640109)
5,(42.4262039, -76.4562246)
5,(43.1258406, -77.6007158)
5,(42.3761962, -71.1337544)
5,(44.0707181, -71.686546)
5,(40.086967699999995, -75.1856716)
5,(39.4854468, -74.9765077)
5,(39.3670276, -74.581132)
5,(40.6965851, -75.2701291)
5,(40.8167571, -73.6376583)
5,(39.253130299999995, -74.7260869)
5,(42.6959183, -73.104528)
5,(41.054706900000006, -78.8203872)
5,(40.2641492, -75.5989697)
5,(41.447535, -71.518305)
5,(42.3958893, -71.2222288)
5,(44.37721440000001, -73.2404868)
5,(39.98084, -75.279796)
5,(40.9920828, -74.1100153)
5,(40.7761416, -73.9450435)
5,(41.2056373, -76.7855152)
5,(38.9136867, -77.0394174)
5,(40.758148, -79.675336)
5,(39.44342700000001, -80.489102)
5,(43.128138400000005, -70.8354709)
5,(40.6645868, -73.9828847)
5,(40.9394658, -73.07219750000002)
5,(40.779156, -73.9823843)
5,(40.4902303, -74.5043356)
5,(42.3238488, -71.2177836)
5,(39.530840999999995, -76.33425)
5,(42.2830184, -71.590509)
5,(40.11414479999999, -75.5200715)
5,(41.6914147, -72.6033401)
5,(41.0581527, -74.7526651)
5,(41.79431850000001, -72.0762836)
5,(38.7698832, -76.0701235)
5,(41.322738, -72.918049)
5,(37.197024, -80.027525)
5,(40.63128269999999, -74.2581575)
5,(43.7824656, -74.2653895)
5,(44.2561582, -73.7920851)
5,(38.979783000000005, -77.00753800000001)
5,(40.0949114, -75.1426298)
5,(41.689696000000005, -72.671846)
5,(40.88416469999999, -73.1382802)
5,(41.0096658, -73.7695245)
5,(41.5770867, -73.3543792)
5,(40.8536687, -73.789861)
5,(42.373808, -71.12362500000002)
5,(43.6048212, -72.2885799)
5,(39.805652, -75.7421789)
5,(40.7850419, -74.3176262)
5,(40.6974744, -73.9940947)
5,(37.1981532, -80.419511)
5,(40.244971500000005, -75.084017)
5,(40.7478909, -73.9492058)
5,(40.5739275, -74.5918467)
5,(42.9225405, -78.8683838)
5,(40.798446, -74.7906164)
5,(36.8537656, -76.0256431)
5,(42.1961714, -70.8902571)
5,(39.9547762, -75.1720837)
5,(40.4706627, -80.1425323)
5,(40.763149, -73.908169)
5,(38.9632401, -77.0874781)
5,(42.3122498, -71.0995183)
5,(42.26858510000001, -71.8301871)
5,(43.0697411, -70.75662440000002)
5,(38.944388700000005, -77.0601806)
5,(40.690654499999994, -74.3837063)
5,(41.1860095, -73.390012)
5,(40.3022679, -76.3181147)
5,(42.7162748, -73.6630823)
5,(39.003353, -77.044549)
5,(41.062198300000006, -73.5657475)
5,(38.941957699999996, -76.8041477)
5,(39.28021220000001, -76.5805286)
5,(39.3328143, -76.6345004)
5,(40.7990204, -74.2457089)
5,(42.5318475, -71.3466013)
5,(38.9887123, -77.02928040000002)
5,(41.4693186, -72.8482494)
5,(43.0132387, -78.6934498)
5,(41.881420799999994, -73.4652993)
5,(40.7044592, -75.344471)
5,(42.4480412, -71.50884410000002)
5,(41.272625, -72.6244391)
5,(42.65183030000001, -70.6654124)
5,(42.2712347, -72.5652708)
5,(41.63999999999999, -70.9555686)
5,(39.1103318, -80.2750361)
5,(42.2333661, -71.1613981)
5,(40.76789260000001, -73.9900451)
5,(40.5508116, -79.8616659)
5,(40.72189300000001, -74.00036180000001)
5,(42.1233969, -71.1151779)
5,(40.77677129999999, -73.9779019)
5,(42.37384500000001, -73.3804398)
5,(40.6764107, -79.9937985)
5,(38.71418390000001, -75.1182816)
5,(40.6893901, -74.3260504)
5,(40.1639615, -74.9159045)
5,(41.028316, -73.600502)
5,(38.687203000000004, -77.2764696)
5,(38.8355503, -77.1204836)
5,(40.7227668, -73.4677728)
5,(39.135196, -75.5372975)
5,(43.04767950000001, -73.7334837)
5,(42.0533698, -70.6738392)
5,(42.841799, -72.584835)
5,(40.7773839, -73.9854567)
5,(40.87998820000001, -74.3036838)
5,(40.0277862, -75.1835784)
5,(42.3794444, -71.10881100000002)
5,(40.18371470000001, -76.9823574)
5,(39.0494998, -76.4369024)
5,(40.0933813, -76.4135974)
5,(39.94747, -75.31558)
5,(40.73038450000001, -73.9985984)
5,(42.1192453, -77.0326648)
5,(39.1512604, -77.1950424)
5,(40.74461190000001, -73.91804300000001)
5,(40.7888295, -73.9803332)
5,(42.1959798, -73.362008)
5,(41.8938729, -73.3472901)
5,(43.0414933, -76.1004322)
5,(40.8728947, -73.3203324)
5,(39.0676281, -76.9677131)
5,(40.3470543, -74.0643065)
5,(40.61129410000001, -80.0840933)
5,(40.9515325, -73.8453847)
5,(42.2882293, -71.2847192)
5,(42.13133530000001, -71.6562033)
5,(41.2473395, -73.4650789)
5,(40.8394187, -73.6451111)
5,(38.933378, -77.0917369)
5,(40.0241179, -74.1558015)
5,(36.89161440000001, -76.3932032)
5,(41.8285203, -72.7666112)
5,(40.734153, -73.977277)
5,(39.9149938, -75.037735)
5,(38.9868489, -77.0965435)
5,(40.7361379, -74.3814979)
5,(40.8850282, -74.2057373)
5,(41.04999999999999, -73.54)
5,(40.580207, -74.707218)
5,(38.8984545, -77.09325170000001)
5,(41.035935300000006, -71.9545146)
5,(40.6619725, -79.1097154)
5,(40.9845904, -73.7943844)
5,(40.7931524, -73.9751079)
5,(40.013993000000006, -74.269972)
5,(40.26592589999999, -73.9968537)
5,(40.953565000000005, -74.0219919)
5,(40.891703, -73.9503366)
5,(41.31270189999999, -72.91729640000001)
5,(42.46186219999999, -71.4086684)
5,(40.8802942, -73.6488942)
5,(38.9520833, -77.0304472)
5,(40.7999091, -73.9690191)
5,(39.107758600000004, -77.0720694)
5,(43.111581, -77.815882)
5,(40.3614235, -75.7416328)
5,(41.846151199999994, -72.4106111)
5,(41.7916104, -72.822382)
5,(39.9550166, -75.6046893)
5,(39.2858067, -76.6036871)
5,(40.9554202, -74.0315661)
5,(42.4134168, -73.6731749)
5,(37.163122, -76.474158)
5,(40.38351620000001, -74.7741514)
5,(41.518506, -74.086014)
5,(36.4997824, -77.9047372)
5,(42.533757, -76.67603690000001)
5,(41.1677294, -73.3847352)
5,(41.4745201, -73.526095)
5,(40.7443203, -73.8231259)
5,(42.1709465, -71.1135307)
5,(41.1534878, -73.6063756)
5,(40.5806453, -73.9715692)
5,(42.580865100000004, -72.617347)
5,(39.74136029999999, -77.5183627)
5,(38.9278042, -77.0413904)
5,(42.3505763, -71.2013367)
5,(40.58471540000001, -79.746079)
5,(41.739579, -70.4431911)
5,(40.32140290000001, -74.869574)
5,(40.8121711, -74.225501)
5,(42.452939099999995, -76.4989886)
5,(41.426364, -71.577323)
5,(40.43498629999999, -79.9120767)
5,(40.7396025, -73.5976861)
5,(39.8689569, -75.0669786)
5,(41.411045, -74.407347)
5,(38.996449, -77.185927)
5,(40.77420180000001, -73.97782780000001)
5,(41.8009267, -74.1319686)
5,(40.791266799999995, -73.97895060000002)
5,(42.3759491, -72.5050251)
5,(40.790865999999994, -73.722377)
5,(38.917968, -77.1163244)
5,(40.9355438, -73.8411811)
5,(42.1997049, -71.3059653)
5,(40.6087573, -74.4828358)
5,(41.7412941, -72.7703583)
5,(39.079789100000006, -76.5269721)
5,(39.1582877, -76.8365133)
5,(40.723165, -74.065454)
5,(44.6737403, -74.9864707)
5,(38.141586800000006, -78.5065683)
5,(41.3855661, -74.3122975)
5,(40.00422999999999, -75.45176400000001)
5,(41.7157901, -72.5445802)
5,(41.5378409, -72.0845416)
5,(40.9338793, -74.3785558)
5,(40.8558693, -73.6003741)
5,(41.3236905, -72.5799484)
5,(40.1330122, -75.413961)
5,(40.7274717, -73.6697604)
5,(44.6920852, -69.5997496)
5,(39.36000030000001, -76.612108)
5,(40.7545071, -80.3440893)
5,(40.5272363, -74.4108629)
5,(39.1493954, -77.2014263)
5,(41.791620900000005, -70.5351415)
5,(42.378614799999994, -71.1327213)
5,(40.55597, -75.448952)
