6,(42.09572750000001, -87.7962336)
6,(42.24546099999999, -88.341834)
6,(42.213159, -88.276391)
6,(38.19875679999999, -84.5728751)
6,(42.81807429999999, -84.4569955)
6,(42.2852525, -85.2384839)
6,(39.141694, -84.522356)
6,(38.6594415, -90.303069)
6,(42.7450314, -84.4594967)
6,(42.156485, -88.0849671)
6,(41.88895229999999, -87.7997279)
6,(44.867901599999996, -92.9796071)
6,(39.7052686, -84.1695579)
6,(42.1504113, -87.8676736)
6,(41.0069301, -81.5906304)
6,(41.2432393, -87.8408438)
6,(42.0239617, -88.1764016)
6,(42.110997899999994, -87.8075677)
6,(43.2244018, -89.2283502)
6,(43.354759, -87.981228)
6,(38.60137199999999, -90.5077852)
6,(42.1752933, -87.7924069)
6,(42.6018602, -82.8018186)
6,(41.370692, -93.570706)
6,(42.4970875, -83.22427)
6,(41.720889, -91.7948119)
6,(42.0677323, -87.7141402)
6,(41.9797729, -87.7490655)
6,(38.6039712, -90.2179132)
6,(42.261037, -83.731054)
6,(38.270386499999994, -85.6477308)
6,(44.8870099, -91.906301)
6,(39.58089030000001, -84.6656188)
6,(44.558521, -87.700099)
6,(41.242746700000005, -95.9811774)
6,(41.57221, -85.816226)
6,(41.8292886, -87.845249)
6,(42.2917482, -83.7310481)
6,(44.9389258, -93.6752996)
6,(41.4895053, -81.5498759)
6,(39.9929323, -83.0307983)
6,(41.668236, -81.3446699)
6,(41.895786799999996, -87.7836172)
6,(43.03213, -83.3229202)
6,(40.0097883, -83.0683519)
6,(41.91866129999999, -87.6451848)
6,(44.9307551, -93.082547)
6,(42.731925, -87.8203443)
6,(42.2376312, -88.2647916)
6,(45.3945357, -93.979279)
6,(43.1486311, -87.9086477)
6,(43.0216698, -83.7953655)
6,(44.94243900000001, -93.430592)
6,(41.826029000000005, -88.195676)
6,(38.0165999, -84.530158)
6,(47.315971, -93.192282)
6,(42.106825400000005, -88.02809280000001)
6,(39.76970980000001, -89.6995881)
6,(41.604743, -93.807472)
6,(39.7442591, -84.1398528)
6,(41.807381, -91.3962899)
6,(41.5068444, -81.6913102)
6,(37.992126400000004, -84.5496663)
6,(43.09583020000001, -89.3550239)
6,(38.3948156, -90.8183104)
6,(42.561428500000005, -83.3388463)
6,(41.777136, -88.1162304)
6,(42.15734140000001, -88.1256379)
6,(41.7809407, -88.1660892)
6,(39.8393348, -88.9242011)
6,(42.73840500000001, -87.8259973)
6,(42.0088216, -87.7803016)
6,(42.5449109, -83.2017603)
6,(42.7329481, -84.4592642)
6,(44.9755224, -89.6436531)
6,(43.790495, -88.443796)
6,(42.1268377, -87.8047939)
6,(43.073111, -89.4397958)
6,(38.6523055, -90.3406534)
6,(39.7274147, -83.9884966)
6,(42.68896560000001, -87.79833)
6,(41.108654, -81.5422664)
6,(43.0559964, -89.3839071)
6,(44.6426255, -86.2478339)
6,(42.4357868, -88.1845511)
6,(39.85498, -86.1483006)
6,(42.5804096, -84.4496859)
6,(42.6578824, -94.6904536)
6,(44.0467017, -92.475094)
6,(41.8745267, -88.1193763)
6,(42.424384700000004, -88.0300434)
6,(42.262271, -83.738005)
6,(38.0455415, -84.4948814)
6,(46.456901, -90.222274)
6,(39.5073111, -84.7398954)
6,(40.678082, -89.498713)
6,(42.315795599999994, -88.9948937)
6,(39.36612149999999, -82.120766)
6,(38.77360780000001, -89.9853657)
6,(42.99442499999999, -87.973106)
6,(39.000272, -94.4968656)
6,(44.91950039999999, -93.1931347)
6,(40.0543845, -84.2503103)
6,(42.6976887, -84.433702)
6,(40.6028144, -86.86723390000002)
6,(41.0234738, -85.7585129)
6,(40.0728158, -88.2561722)
6,(39.49226720000001, -88.6092011)
6,(36.5021069, -91.9319086)
6,(41.973685, -88.681231)
6,(44.036198799999994, -88.5614137)
6,(41.1346655, -81.4892085)
6,(41.3253458, -81.8280781)
6,(38.651651, -90.328433)
6,(42.809505, -86.164856)
6,(42.7560504, -84.49394190000001)
6,(41.8980741, -87.9396607)
6,(41.996291, -93.641689)
6,(42.98518140000001, -87.9038066)
6,(42.78172860000001, -89.3037219)
6,(42.2589122, -88.1392474)
6,(45.0335336, -92.8235426)
6,(42.4678543, -82.9581023)
6,(39.844745, -86.158765)
6,(39.852111, -86.1281345)
6,(42.341699, -87.932574)
6,(41.914373000000005, -88.3184861)
6,(42.7549529, -84.43783450000001)
6,(41.8355606, -89.4823879)
6,(42.2036532, -87.9667127)
6,(43.08524400000001, -89.35740700000001)
6,(43.09312800000001, -88.0399879)
6,(41.047160600000005, -81.4307456)
6,(40.8833786, -81.4650609)
6,(42.118869200000006, -87.7522574)
6,(38.4646453, -90.3364075)
6,(40.20910640000001, -92.5698885)
6,(40.0082971, -83.0848308)
6,(45.03078, -93.218557)
6,(39.1799702, -84.542317)
6,(45.6409372, -89.4038238)
6,(42.3234467, -83.2532269)
6,(45.1984344, -92.770531)
6,(38.941467, -84.23094)
6,(43.09034799999999, -89.514157)
6,(40.1532887, -82.8901066)
6,(42.043742699999996, -87.73144460000002)
6,(45.0446011, -92.9693857)
6,(40.132896, -88.1855667)
6,(39.92428950000001, -82.7739697)
6,(41.720499999999994, -87.666957)
6,(38.605592, -92.219818)
6,(39.1912217, -86.5210561)
6,(40.0728671, -88.2535057)
6,(46.837689, -92.0565395)
6,(42.5496644, -83.3550318)
6,(44.476308, -88.03081500000002)
6,(39.1652257, -86.3072178)
6,(46.2350983, -91.2605455)
6,(42.554249000000006, -88.572128)
6,(40.9729409, -81.4967281)
6,(43.10489, -87.908156)
6,(38.2094641, -85.7033554)
6,(40.64880769999999, -84.1531127)
6,(41.884269200000006, -87.8231101)
6,(38.665456, -90.413017)
6,(41.722466, -83.66352400000001)
6,(41.767224, -88.082778)
6,(40.7766022, -89.6614411)
6,(42.2664205, -85.57111010000001)
6,(41.6519479, -88.0091038)
6,(37.8506785, -85.4730957)
6,(40.0732222, -82.9631937)
6,(42.3658914, -83.445126)
6,(39.194868, -84.548852)
6,(42.569804, -83.1036699)
6,(39.3915434, -87.3497709)
6,(44.9918123, -93.1159496)
6,(42.06942250000001, -87.6786245)
6,(43.33821, -87.8915425)
6,(41.9493746, -87.6469226)
6,(45.10447, -93.21968)
6,(42.00132459999999, -88.3808145)
6,(42.25519280000001, -85.5581577)
6,(44.4124574, -83.9767764)
6,(39.87031540000001, -86.256103)
6,(41.79865449999999, -86.6105778)
6,(44.8100493, -91.4674154)
6,(42.11645420000001, -88.0733535)
6,(39.176685, -84.3820549)
6,(44.755763, -93.239217)
6,(41.9188073, -87.6369062)
6,(45.82662559999999, -88.0081299)
6,(41.8130638, -87.9803681)
6,(44.98623640000001, -93.137254)
6,(41.880675000000004, -87.6255171)
6,(45.0399979, -93.2269528)
6,(43.0590386, -92.6871715)
6,(41.673678, -81.232086)
6,(39.1427292, -86.5102539)
6,(44.9127727, -93.14725350000002)
6,(38.967892000000006, -90.425484)
6,(43.0615839, -84.9564289)
6,(41.6167099, -86.4317668)
6,(42.4241526, -83.1372238)
6,(39.10770560000001, -84.4962293)
6,(44.9549053, -93.2056486)
6,(41.094141500000006, -83.1803488)
6,(41.7823146, -87.9678319)
6,(44.9452941, -93.3036869)
6,(42.1888869, -83.7780248)
6,(42.173599, -87.8722151)
6,(43.0451185, -88.0656299)
6,(47.4047308, -91.19045060000002)
6,(41.8641995, -87.8051058)
6,(40.203899, -82.875584)
6,(44.9417396, -93.2534239)
6,(44.994487199999995, -93.2983975)
6,(41.9870605, -88.3926144)
6,(40.09215520000001, -88.2029556)
6,(41.9061574, -87.798437)
6,(44.9735928, -93.4401872)
6,(41.47393829999999, -81.5781024)
6,(43.059393, -89.4872964)
6,(39.835637, -86.1924335)
6,(44.4637883, -93.1699211)
6,(42.92583, -85.518144)
6,(44.8242389, -91.4177777)
6,(44.248364, -88.376738)
6,(40.0506573, -83.0488073)
6,(37.98638600000001, -84.507869)
6,(42.043786000000004, -87.68097000000002)
6,(39.2715123, -84.3222253)
6,(44.8705272, -89.2151134)
6,(40.021378, -82.835871)
6,(39.408521, -84.299259)
6,(42.0090497, -87.7084517)
6,(41.705143, -88.0789143)
6,(43.748961, -88.408858)
6,(41.8657309, -87.800002)
6,(42.1517526, -87.8072652)
6,(41.7600772, -88.4490366)
6,(41.7251265, -87.6756271)
6,(38.596018, -89.9997735)
6,(44.9727749, -93.2774124)
6,(46.8363098, -92.0622336)
6,(41.033584, -83.681178)
6,(35.098127100000006, -89.9483698)
6,(39.144884299999994, -84.0057617)
6,(42.4607133, -92.3493971)
6,(41.47929450000001, -81.8711458)
6,(44.9420891, -93.1284983)
6,(44.333494, -85.2954222)
6,(44.9803495, -93.1612576)
6,(42.250870500000005, -83.7266344)
6,(42.751837, -83.124954)
6,(45.037723199999995, -93.2242174)
6,(38.287363000000006, -85.633066)
6,(42.395913, -84.008884)
6,(43.602681800000006, -84.777774)
6,(42.0578742, -87.6911376)
6,(38.227524200000005, -85.6938118)
6,(45.0652903, -92.9599548)
6,(41.504864, -81.5694322)
6,(41.11421, -88.853642)
6,(41.74203, -87.992564)
6,(38.3276466, -85.8099053)
6,(38.4171089, -85.9090619)
6,(42.05247850000001, -87.810984)
6,(44.926081, -93.3372125)
6,(37.7417356, -89.1539287)
6,(41.898645900000005, -87.6196136)
6,(38.595167399999994, -90.2200062)
6,(39.1511771, -84.4746653)
6,(45.4442834, -94.4359161)
6,(39.1581477, -86.5261888)
6,(40.7345425, -82.5351579)
6,(42.628078, -83.9680893)
6,(45.0248969, -93.495407)
6,(43.4003822, -93.1500026)
6,(42.2672535, -83.7274859)
6,(42.37348419999999, -83.0757025)
6,(39.256023, -84.557293)
6,(42.895888, -85.614125)
6,(43.6253639, -84.238957)
6,(41.6907684, -86.2631239)
6,(43.0574899, -83.3232667)
6,(40.296381999999994, -86.5109054)
6,(41.7963049, -91.610911)
6,(42.731474000000006, -84.436967)
6,(42.318375100000004, -83.7144175)
6,(46.853468, -96.889197)
6,(41.5040038, -81.5673982)
6,(44.9745237, -93.2829956)
6,(43.05073720000001, -87.8919996)
6,(39.4373031, -88.75416100000001)
6,(41.5475414, -93.6372018)
6,(39.699585, -84.5477949)
6,(42.50570400000001, -83.2114867)
6,(42.0025454, -93.6480206)
6,(42.4894918, -83.76728460000001)
6,(41.6574113, -87.6013407)
6,(44.9720214, -92.9995838)
6,(41.46633659999999, -81.7934565)
6,(38.0109766, -84.5084506)
6,(42.3164114, -83.8098035)
6,(41.024928900000006, -91.96234030000001)
6,(39.48061179999999, -88.1873338)
6,(46.9247156, -97.9915997)
6,(42.39919140000001, -82.9086266)
6,(40.4357945, -86.9064658)
6,(44.89821529999999, -93.2561679)
6,(41.518419400000006, -81.53041200000001)
6,(40.892590399999996, -83.8997967)
6,(47.167462900000004, -93.5509249)
6,(41.943606, -87.64133)
6,(42.2805481, -83.7937923)
6,(42.0627929, -87.6936157)
6,(46.7847147, -92.1004987)
6,(40.4649326, -88.9598797)
6,(41.2521407, -87.8449963)
6,(40.10219599999999, -88.213311)
6,(42.485176, -90.688747)
6,(41.67457079999999, -83.613812)
6,(42.002346, -87.71751990000001)
6,(45.1176177, -93.3647706)
6,(41.620230500000005, -87.7206451)
6,(38.674137, -90.406297)
6,(41.5596769, -90.5541599)
6,(40.14072740000001, -83.0859282)
6,(44.46908979999999, -93.175855)
6,(44.46945519999999, -93.1805648)
6,(39.5698586, -84.213117)
6,(44.8939634, -93.6359116)
6,(43.3146437, -84.865533)
6,(39.84905079999999, -84.213821)
6,(40.714483, -82.543251)
6,(40.4066959, -91.376875)
6,(39.7730211, -86.3127448)
6,(44.7781898, -85.5890687)
6,(43.64812280000001, -84.2000442)
6,(44.20586010000001, -88.4743735)
6,(45.886019999999995, -89.8386031)
6,(43.287419199999995, -87.9993732)
6,(42.09239500000001, -88.3190709)
6,(42.122673600000006, -87.7500819)
6,(42.539063, -83.9674385)
6,(41.619526900000004, -87.0874241)
6,(42.9716687, -89.4967174)
6,(39.4644951, -87.40820320000002)
6,(44.965849, -93.2927753)
6,(41.5138785, -81.5580075)
6,(41.1553279, -81.44746270000002)
6,(44.935837, -93.345016)
6,(43.056921, -89.45159)
6,(40.79992730000001, -81.7028656)
6,(44.96747669999999, -93.3965248)
6,(41.7743211, -88.1175116)
6,(40.195333999999995, -85.447171)
6,(42.127279, -85.5436692)
6,(42.04245290000001, -87.845473)
6,(38.780059, -85.101662)
6,(44.6088607, -95.6737122)
6,(41.993314, -87.7458598)
6,(44.961622, -93.215469)
6,(46.832992, -94.441417)
6,(40.02349600000001, -83.0191636)
6,(44.9231867, -93.1941185)
6,(44.962491, -93.3257637)
6,(41.09649490000001, -81.5655009)
6,(43.0521238, -87.8958541)
6,(44.983147599999995, -93.2659003)
6,(39.6419399, -86.8570548)
6,(41.990503499999996, -87.8100097)
6,(44.91719, -93.007926)
6,(38.64834280000001, -90.3357427)
6,(42.0296525, -87.8235756)
6,(39.11905660000001, -84.8572274)
6,(38.80203, -90.306001)
6,(39.1993568, -84.2567664)
6,(35.1450075, -90.0069009)
6,(41.5064754, -81.6136329)
6,(40.7798522, -85.180398)
6,(44.9772777, -92.9524083)
6,(41.7935194, -87.59694850000001)
6,(42.5304466, -83.371906)
6,(43.0996586, -89.35473550000002)
6,(42.996085, -85.442348)
6,(39.602956, -93.3391504)
6,(41.5031926, -81.4361556)
6,(41.9793491, -87.6543288)
6,(41.758375, -93.595453)
6,(45.1308063, -93.3102328)
6,(41.263461500000005, -95.9931658)
6,(39.1986745, -84.3877613)
6,(44.8695526, -93.0414666)
6,(42.2902045, -87.9758467)
6,(46.7217735, -92.4611825)
6,(45.179844, -93.89920800000002)
6,(41.99297990000001, -88.19898330000001)
6,(41.219767, -95.655346)
6,(44.9286178, -93.17292120000002)
6,(44.937676, -93.166198)
6,(43.0439451, -88.0735649)
6,(39.161638800000006, -86.4645834)
6,(42.26261349999999, -85.5980847)
6,(45.0235828, -93.358486)
6,(44.9344899, -93.322263)
6,(41.02511369999999, -81.6356865)
6,(40.70471599999999, -89.60028100000001)
6,(41.9551514, -87.6702931)
6,(46.79566400000001, -95.782973)
6,(42.045356, -87.680435)
6,(39.8410223, -86.14576290000001)
6,(38.639242, -90.33475400000002)
6,(41.9907916, -92.1120176)
6,(44.2954073, -90.8552748)
6,(41.5627076, -90.5846939)
6,(42.887229000000005, -85.602926)
6,(41.9205651, -88.1935602)
6,(39.1235672, -84.4777506)
6,(42.495608, -90.67757500000002)
6,(40.96122570000001, -91.5505736)
6,(41.51769, -81.5682263)
6,(41.889848, -87.798937)
6,(40.1962468, -85.4200508)
6,(46.6732722, -90.8949075)
6,(44.0439532, -91.6972987)
6,(43.3372057, -83.9367959)
6,(35.1229382, -89.9476468)
6,(41.79629469999999, -87.6041025)
6,(41.7134097, -81.3753192)
6,(42.4579382, -94.3126561)
6,(39.969632999999995, -82.841483)
6,(42.9933883, -88.0136861)
6,(42.13609949999999, -83.1988687)
6,(45.8587645, -86.9655262)
6,(41.999448900000004, -87.7406706)
6,(39.354130000000005, -84.449607)
6,(39.978352, -82.933742)
6,(42.041092, -91.708875)
6,(38.7277686, -92.5624817)
6,(42.0405738, -87.6810391)
6,(44.8882076, -94.3833966)
6,(41.83506009999999, -88.059002)
6,(41.574642, -90.5892927)
6,(42.49811170000001, -83.0952435)
6,(41.9420043, -87.6502674)
6,(43.4998497, -96.8090386)
6,(41.206462300000005, -86.3646642)
6,(39.9664534, -86.2810875)
6,(41.71804639999999, -86.2372387)
6,(42.546026, -83.298022)
6,(41.57314199999999, -87.832687)
6,(40.45412259999999, -86.9023148)
6,(39.0858149, -84.5075372)
6,(39.11542, -84.5932698)
6,(43.0620855, -89.41924930000002)
6,(38.1126695, -89.7015034)
6,(41.0599875, -81.5151623)
6,(38.609008, -89.9178869)
6,(41.9601759, -87.6475062)
6,(47.51835270000001, -94.7595037)
6,(41.3014383, -82.2144874)
6,(41.8462733, -88.1331244)
6,(41.6191051, -93.7334638)
6,(42.97475399999999, -85.735404)
6,(41.700410000000005, -91.57475)
6,(41.7928781, -88.1551052)
6,(39.8302044, -84.2398297)
6,(42.443262, -83.4783523)
6,(41.4686895, -87.6811928)
6,(44.8308183, -92.9736502)
6,(44.5139521, -88.0932904)
6,(41.95318, -87.64861100000002)
6,(41.47226560000001, -81.5533424)
6,(41.80537460000001, -85.396698)
6,(42.161015600000006, -88.1036389)
6,(38.24000900000001, -85.566085)
6,(42.3231916, -83.78946220000002)
6,(41.5799882, -90.5075)
6,(44.9367583, -93.1876862)
6,(39.9977346, -81.7415625)
6,(42.0950884, -88.3163761)
6,(42.802974, -83.0186219)
6,(44.9332513, -92.9827844)
6,(39.90955000000001, -86.535967)
6,(38.1790962, -85.8275962)
6,(44.1732754, -94.0241846)
6,(44.8687031, -93.3221548)
6,(40.0832024, -83.011362)
6,(42.0347918, -87.6926408)
6,(41.6940151, -83.7064305)
6,(45.1214533, -93.4013338)
6,(42.1135783, -83.5924997)
6,(42.173958500000005, -87.8416571)
6,(42.7350516, -84.56059280000001)
6,(42.0177322, -89.3385461)
6,(38.415343500000006, -82.3220093)
6,(41.9488868, -87.6441458)
6,(44.9715739, -93.2799603)
6,(41.8775499, -87.6295507)
6,(42.0074073, -87.6968269)
6,(42.198865, -85.6881739)
6,(41.5495858, -89.1267044)
6,(44.9618233, -92.7111279)
6,(47.929508, -97.038687)
6,(41.6527794, -91.5207289)
6,(45.0896706, -93.1249372)
6,(41.3967808, -81.7574395)
6,(43.393178, -87.87471800000002)
6,(39.282414, -84.44799100000002)
6,(41.9508336, -88.242369)
6,(42.250929899999996, -83.7146999)
6,(42.0722513, -87.7228384)
6,(44.9932715, -93.2679394)
6,(42.5429633, -83.2391027)
6,(41.878578, -87.7761389)
6,(38.68179799999999, -85.917743)
6,(41.8694865, -88.0836662)
6,(42.91857790000001, -85.5856149)
6,(41.396762, -81.286597)
6,(42.2618369, -83.1346419)
6,(41.3015431, -82.2144837)
6,(42.9118071, -88.0404843)
6,(38.652682, -90.312168)
6,(39.1720479, -85.04131400000001)
6,(39.6409325, -84.0384794)
6,(42.5449123, -83.293132)
6,(43.0463628, -89.480424)
6,(41.991212, -88.6955163)
6,(41.6056036, -84.6325169)
6,(47.19047739999999, -88.4134543)
6,(41.4887584, -81.589075)
6,(42.2968387, -87.9176178)
6,(40.8086872, -81.9503409)
6,(42.2090792, -88.1850288)
6,(43.03542650000001, -88.0397783)
6,(41.5426655, -90.5813435)
6,(45.36605000000001, -86.91222800000001)
6,(39.3347342, -82.9797081)
6,(39.67516009999999, -84.2080343)
6,(41.4725125, -87.0969363)
6,(45.12613259999999, -95.0580887)
6,(41.67751309999999, -87.9733085)
6,(40.133795, -85.651616)
6,(38.6478838, -90.3360668)
6,(38.734842, -90.411588)
6,(39.90367179999999, -88.9655619)
6,(41.81089790000001, -89.9558315)
6,(41.4711121, -81.570847)
6,(43.063964, -89.4256319)
6,(44.399607, -92.634182)
6,(44.938497000000005, -93.3942299)
6,(39.307356000000006, -82.077829)
6,(42.551907, -82.918572)
6,(41.44064199999999, -81.7326678)
6,(39.4802126, -88.1867924)
6,(43.7816728, -86.4331355)
6,(40.0407775, -83.0809753)
6,(41.910464499999996, -87.6326865)
6,(41.4815561, -81.5189438)
6,(40.1000159, -88.2164901)
6,(42.121282, -87.750938)
6,(40.75967090000001, -93.3129156)
6,(41.8855852, -87.7784239)
6,(45.02112350000001, -93.1426889)
6,(41.79371129999999, -87.5811683)
6,(42.0981226, -87.9917024)
6,(43.081741, -89.495442)
6,(41.5723843, -83.6073248)
6,(43.160326600000005, -88.1320397)
6,(44.341237, -89.733542)
6,(37.65513140000001, -84.8031089)
6,(41.882827, -87.6320469)
6,(44.298004899999995, -94.46459560000001)
6,(43.049546299999996, -89.5873733)
6,(44.832336, -93.068229)
6,(38.028311, -84.485782)
6,(40.0930125, -82.8056459)
6,(40.848683, -81.357247)
6,(40.730097300000004, -89.62989610000001)
6,(41.928602299999994, -87.7097142)
6,(39.3288879, -82.9867218)
6,(41.3434412, -81.8291028)
6,(42.9265239, -85.6406189)
6,(43.05934990000001, -89.4550277)
6,(43.8750914, -85.510963)
6,(40.9282807, -95.1778582)
6,(38.433067, -90.411725)
6,(41.585543, -90.7743819)
6,(41.6038548, -93.8228983)
6,(42.1244534, -88.030758)
6,(38.6588979, -90.3498279)
6,(41.4070059, -81.8785132)
6,(45.965469, -94.359526)
6,(41.65715209999999, -91.5118229)
6,(39.7903708, -83.9632178)
6,(44.01007340000001, -92.4738532)
6,(43.0659049, -87.87719220000001)
6,(43.21859479999999, -87.9313034)
6,(41.551799200000005, -96.1582259)
6,(38.9301179, -89.6066246)
6,(38.34041100000001, -82.6485495)
6,(41.9230658, -87.6407887)
6,(41.1195478, -81.5370553)
6,(40.088201, -82.939863)
6,(41.7940307, -87.983891)
6,(41.80643500000001, -89.7143957)
6,(41.0355643, -84.0427576)
6,(42.146653, -88.280391)
6,(44.9916484, -93.1357668)
6,(38.6410951, -90.5948565)
6,(42.4191369, -83.7547716)
6,(44.9723507, -93.2789937)
6,(40.18302570000001, -92.5756541)
6,(42.053365, -87.849343)
6,(42.0605126, -93.8971085)
6,(35.150867999999996, -90.005482)
6,(41.8847047, -87.6180254)
6,(39.8991002, -86.1280102)
6,(41.3609751, -82.1122091)
6,(41.8893735, -87.61685040000002)
6,(43.33430779999999, -90.4006714)
6,(41.3004599, -81.3694577)
6,(44.946295400000004, -93.2889568)
6,(42.1157797, -87.8436502)
6,(41.7961191, -87.5837421)
6,(40.29694400000001, -86.057056)
6,(43.8036064, -91.21444700000002)
6,(42.470944300000006, -83.0985374)
6,(41.549020999999996, -93.789563)
6,(38.3808918, -81.8068473)
6,(42.0848664, -87.9230676)
6,(43.327284, -91.783406)
6,(41.77164650000001, -88.0115797)
6,(43.0985392, -88.0276979)
6,(42.55514300000001, -83.4103)
6,(42.4901928, -96.0625722)
6,(41.0504939, -85.0926579)
6,(41.99581429999999, -87.834827)
6,(42.311640399999995, -83.2602498)
6,(42.007917299999995, -87.6937575)
6,(39.86012980000001, -84.888671)
6,(39.9089396, -86.175955)
6,(42.961771799999994, -88.0731343)
6,(44.2766852, -88.391461)
6,(44.44505999999999, -88.032589)
6,(41.902204, -87.62636)
6,(42.7578244, -84.4944513)
6,(41.4100511, -85.8508146)
6,(41.66132410000001, -86.1795269)
6,(38.612502000000006, -90.237076)
6,(47.738589999999995, -94.6531513)
6,(42.7602685, -84.4932367)
6,(41.53147200000001, -87.676983)
6,(44.861574, -92.61705)
6,(41.5113216, -81.5226859)
6,(44.459699, -88.020449)
6,(44.9998444, -93.3886417)
6,(42.77640079999999, -86.1217952)
6,(44.96010290000001, -93.336906)
6,(41.9622152, -87.6831748)
6,(38.676768, -90.326379)
6,(38.6434283, -90.2605639)
6,(43.7561275, -83.3566425)
6,(38.22165960000001, -84.8253289)
6,(41.690156, -87.6132975)
6,(44.856619800000004, -93.3913447)
6,(38.55267799999999, -90.3795438)
6,(42.3586539, -83.52918)
6,(41.1330595, -85.0904822)
6,(38.49944, -90.350046)
6,(43.67469220000001, -82.6474653)
6,(41.7953378, -87.5913351)
6,(39.4616548, -82.2333484)
6,(47.038442, -94.9530959)
6,(41.94892999999999, -86.310039)
6,(41.626743999999995, -93.729149)
6,(43.067225, -89.461901)
6,(39.07217, -84.367892)
6,(38.6585465, -90.3584469)
6,(42.257736, -83.637271)
6,(41.88233319999999, -87.6500424)
6,(39.914051, -86.31013290000001)
6,(45.798219499999995, -89.1626266)
6,(41.65154450000001, -87.0813306)
6,(44.9363207, -93.1783963)
6,(41.7847034, -88.0917416)
6,(40.0564531, -82.5394699)
6,(41.804342, -87.586759)
6,(39.310835, -82.045922)
6,(42.892826, -88.738597)
6,(40.718246, -82.5554843)
6,(40.786054, -81.9272756)
6,(39.6206793, -84.1488989)
6,(41.436044, -81.347904)
6,(44.3180519, -93.9860789)
6,(42.56661, -82.954973)
6,(44.646255700000005, -93.2743205)
6,(38.6031033, -90.2479339)
6,(43.075378, -89.378219)
6,(41.48938669999999, -81.5915623)
6,(39.485901, -86.082464)
6,(41.6516173, -91.557637)
6,(40.309637, -83.076099)
6,(44.958463, -93.38757)
6,(41.47635780000001, -81.57042)
6,(41.6050646, -87.0649461)
6,(44.9851598, -93.2218791)
6,(42.042528000000004, -86.487723)
6,(42.58133149999999, -83.6133123)
6,(39.7820797, -89.7283619)
6,(41.4431366, -81.4504309)
6,(43.121262400000006, -89.3640255)
6,(39.7854216, -86.1510343)
6,(44.3008467, -96.7874509)
6,(42.05749, -87.722478)
6,(45.077386, -93.0653216)
6,(43.867279, -91.23739)
6,(39.99218530000001, -83.064512)
6,(43.0684887, -89.4316868)
6,(46.818481, -100.773392)
6,(41.7640451, -88.121071)
6,(41.769229, -88.053976)
6,(44.63977870000001, -85.6592605)
6,(41.23069809999999, -89.9239425)
6,(41.131853899999996, -87.8700604)
6,(46.8411105, -96.7213309)
6,(42.2667004, -83.7257248)
6,(40.8073759, -81.9357728)
6,(41.643919100000005, -81.3854493)
6,(39.42845, -84.438011)
6,(39.6923274, -84.1609243)
6,(35.5678956, -88.8115923)
6,(41.180994000000005, -96.06009100000001)
6,(45.082687, -93.2968308)
6,(39.9754655, -86.1539366)
6,(44.956061, -93.221332)
6,(44.2893036, -93.9464665)
6,(45.1872112, -87.120945)
6,(41.637572, -93.675307)
6,(43.814831, -91.217853)
6,(39.199184, -84.414964)
6,(45.0004961, -93.1722331)
6,(44.9105429, -93.3236399)
6,(40.7561981, -89.6128521)
6,(45.0666557, -93.3691053)
6,(39.8600826, -86.08731070000002)
6,(45.03831520000001, -93.468294)
6,(39.8101496, -83.8933151)
6,(42.2686624, -87.9301469)
6,(42.46004, -92.3681477)
6,(44.751076000000005, -92.799373)
6,(41.06234299999999, -85.138189)
6,(41.5116017, -81.3330363)
6,(41.4406526, -81.87502970000001)
6,(38.5727342, -90.4262175)
6,(42.4180304, -90.4284862)
6,(43.0580866, -89.4416406)
6,(39.2355313, -84.2446558)
6,(41.265152099999995, -95.9678725)
6,(42.7550772, -84.5110969)
6,(41.9882943, -86.113338)
6,(42.95537449999999, -85.56573210000002)
6,(42.2942037, -83.7687852)
6,(44.959555, -93.432142)
6,(43.5532544, -90.88131430000001)
6,(42.743638, -84.454741)
6,(39.8421626, -88.9063052)
6,(39.4794933, -90.8919697)
6,(46.5552591, -87.4207264)
6,(39.0635064, -94.4065635)
6,(39.768403, -86.158068)
6,(41.659721000000005, -87.88804470000001)
6,(40.951564700000006, -88.1523611)
6,(41.58148090000001, -85.487308)
6,(44.7383744, -92.8732049)
6,(45.0509333, -93.4345333)
6,(43.1947126, -88.712776)
6,(47.778816600000006, -90.1978289)
6,(46.2569184, -99.5570567)
6,(44.997094, -93.353128)
6,(41.9331572, -87.6579908)
6,(43.8130703, -91.225593)
6,(38.0015894, -84.4867633)
6,(39.76081580000001, -84.191747)
6,(41.581391, -83.601622)
6,(41.4830628, -81.5358486)
6,(44.9546507, -93.006139)
6,(44.0233428, -91.6169174)
6,(41.84728079999999, -88.29449460000001)
6,(38.791961, -90.351356)
6,(44.85786800000001, -93.381268)
6,(39.828968, -86.1576865)
6,(42.9124945, -88.0426896)
6,(38.792144500000006, -90.3705309)
6,(42.9057041, -87.8747113)
6,(41.8183481, -87.9931936)
6,(42.0290212, -88.08616370000001)
6,(44.13803500000001, -87.677383)
6,(42.2317236, -85.6183221)
6,(41.90345849999999, -87.6296443)
6,(42.49202009999999, -92.44576960000002)
6,(42.2396937, -83.7248351)
6,(42.46626799999999, -83.140382)
6,(44.831991599999995, -92.7721624)
6,(41.5608194, -83.8224658)
6,(42.4783895, -83.1435295)
6,(38.78308260000001, -90.5929991)
6,(41.9343732, -87.7914789)
6,(41.8397209, -90.18998)
6,(42.83742740000001, -88.736257)
6,(44.950476900000005, -93.2188617)
6,(42.2674001, -87.83559660000002)
6,(39.522329, -85.79167)
6,(42.308116, -83.803976)
6,(46.4194704, -87.4185396)
6,(41.383401, -81.808672)
6,(42.0195867, -93.6777934)
6,(42.5250569, -93.2810693)
6,(44.94048, -92.928033)
6,(41.9586187, -87.74970650000002)
6,(42.1932663, -88.0465628)
6,(44.844129, -93.793699)
6,(46.8578434, -96.7556896)
6,(41.652568, -87.808289)
6,(41.7948465, -87.71855270000002)
6,(42.4457, -83.4827884)
6,(41.301722, -82.2144774)
6,(42.2300815, -88.3659762)
6,(43.805416, -91.221076)
6,(42.498064, -88.270912)
6,(38.59327400000001, -90.419744)
6,(38.0190849, -87.582959)
6,(44.9676419, -93.2154275)
6,(41.4946924, -81.5212141)
6,(41.88034270000001, -88.3887332)
6,(45.073481, -93.506791)
6,(41.819007, -87.8914865)
6,(39.6633917, -84.1784263)
6,(38.1822107, -83.4389543)
6,(40.049572, -82.395534)
6,(42.0456045, -87.7177831)
6,(42.3409545, -83.5143274)
6,(42.3965221, -83.5970465)
6,(42.5951179, -83.2837253)
6,(42.4204787, -88.6077345)
6,(44.87322100000001, -93.3481494)
6,(41.6670393, -91.5219273)
6,(39.75530799999999, -84.069197)
6,(43.71960599999999, -90.1591254)
6,(40.0987571, -88.21669590000002)
6,(41.13673010000001, -81.486289)
6,(42.0577707, -87.8112083)
6,(45.5561524, -94.199675)
6,(43.0459625, -87.90019)
6,(42.80731720000001, -83.353747)
6,(41.885885, -87.82325200000001)
6,(43.077491, -89.381728)
6,(39.4309321, -84.5690686)
6,(39.179221899999995, -84.2849497)
6,(37.73871309999999, -89.0757819)
6,(44.8990113, -93.2765521)
6,(42.9418161, -87.9893639)
6,(43.8689723, -85.5041597)
6,(39.130362600000005, -82.9695557)
6,(44.9084934, -93.3000805)
6,(44.9020745, -93.3649787)
6,(41.8979886, -84.030527)
6,(42.386793499999996, -85.2796543)
6,(44.9586964, -93.3113979)
6,(42.313791, -83.26417530000002)
6,(39.3784796, -94.8260346)
6,(41.714154799999996, -83.6474401)
6,(37.9707771, -87.5184802)
6,(42.0463822, -87.6882322)
6,(42.5214317, -92.432581)
6,(43.18575, -87.97121)
6,(43.9584214, -92.608224)
6,(45.0138166, -93.57856540000002)
6,(43.0029346, -88.4645143)
6,(39.704713, -84.560812)
6,(40.092393099999995, -88.1877695)
6,(39.1438796, -84.5171546)
6,(43.03611599999999, -89.469588)
6,(42.5774855, -83.2366179)
6,(43.071166, -89.438476)
6,(44.93555899999999, -93.290136)
6,(41.3958997, -81.9476782)
6,(40.3321357, -94.8857465)
6,(41.97360410000001, -87.6653893)
6,(42.343729, -85.418653)
6,(41.8911717, -87.6677456)
6,(43.0774098, -89.4418417)
6,(40.9714164, -81.4527393)
6,(41.47971549999999, -81.48868620000002)
6,(41.8997958, -87.6204691)
6,(41.278002900000004, -85.1360198)
6,(43.0591634, -88.1427466)
6,(45.628071199999994, -94.5842493)
6,(38.2952299, -85.4999256)
6,(39.1679633, -94.5618733)
6,(44.9436632, -93.1370427)
6,(41.7984975, -88.0215036)
6,(42.3094447, -84.0182861)
6,(44.56347800000001, -92.312202)
6,(38.5691963, -90.4427122)
6,(39.1968777, -86.4884033)
6,(38.6239919, -90.5470353)
6,(41.882414, -87.7799428)
6,(43.768657000000005, -91.203158)
6,(41.610664899999996, -87.7478784)
6,(44.81104439999999, -93.3600232)
6,(44.9394502, -93.101044)
6,(44.9329624, -93.2092216)
6,(43.1610785, -88.2550555)
6,(38.04495030000001, -87.48820050000002)
6,(45.1017335, -92.9900182)
6,(41.9074586, -87.6324218)
6,(43.8830688, -91.177311)
6,(41.7760479, -87.96298710000002)
6,(45.2749598, -85.2711887)
6,(43.0977855, -88.402319)
6,(41.8050093, -88.0285798)
6,(40.83057, -91.127945)
6,(39.965781, -82.927115)
6,(41.9832196, -87.6546106)
6,(41.6267058, -83.7505806)
6,(44.015398, -92.520893)
6,(42.365115200000005, -90.0978241)
6,(44.961374000000006, -89.6787939)
6,(40.4147822, -86.8878429)
6,(38.712241, -90.4698791)
6,(45.002997099999995, -92.9816947)
6,(44.793722, -93.509474)
6,(44.85264, -93.415004)
6,(43.0852519, -87.8827311)
6,(42.1060869, -87.8348074)
6,(42.002154, -87.695217)
6,(38.6527488, -90.2978937)
6,(41.037453000000006, -81.804378)
6,(42.996211, -89.443367)
6,(42.5821881, -83.3245789)
6,(41.3295609, -89.2054375)
6,(39.146963, -84.28203)
6,(41.467982, -81.49861000000001)
6,(38.267833, -85.646792)
6,(41.8555841, -87.7876501)
6,(43.10996299999999, -89.637845)
6,(44.864539, -92.633186)
6,(42.741809, -88.114658)
6,(40.3488822, -90.8145803)
6,(46.958013, -94.325134)
6,(44.0293446, -92.6438787)
6,(45.5303759, -94.1342139)
6,(42.988104, -87.9722501)
6,(45.1218624, -93.3280877)
6,(44.9759118, -93.24493360000001)
6,(41.3344764, -89.0918782)
6,(41.6823578, -86.2206162)
6,(36.5255722, -87.20135030000002)
6,(41.2572558, -95.92969260000001)
6,(44.974240800000004, -93.3099409)
6,(38.285432, -85.6508039)
6,(42.043442000000006, -93.634792)
6,(44.079492099999996, -87.6861728)
6,(42.356653, -83.3058439)
6,(41.902686, -87.625161)
6,(42.260363000000005, -83.675001)
6,(42.97277569999999, -85.7253202)
6,(42.0482069, -87.68558210000002)
6,(42.073729, -87.729367)
6,(41.48881599999999, -81.58772700000002)
6,(43.714633400000004, -98.0212033)
6,(39.7078435, -86.1037378)
6,(43.0253748, -89.4275928)
6,(39.100575, -84.382022)
6,(44.849337299999995, -93.3303139)
6,(41.2580019, -96.0394756)
6,(35.213643000000005, -89.834729)
6,(42.6899509, -82.9851005)
6,(38.962124, -90.278221)
6,(41.889359, -87.794026)
6,(42.67284, -83.399032)
6,(42.3201154, -83.7858465)
6,(38.6206439, -90.3155229)
6,(41.57330670000001, -87.6956028)
6,(41.4076771, -96.191715)
6,(42.9155792, -85.6313752)
6,(40.0880111, -88.2013395)
6,(39.958344999999994, -82.9287949)
6,(45.0691293, -93.2193325)
6,(41.6010038, -86.712553)
6,(38.018749, -84.48550500000002)
6,(41.7233999, -83.7340614)
6,(39.4289806, -87.40381210000001)
6,(40.039861, -81.5786612)
6,(38.623048999999995, -90.49978)
6,(39.8053947, -85.7568335)
6,(41.546573200000005, -90.5612738)
6,(38.65345709999999, -90.30463)
6,(40.0684079, -85.6545049)
6,(42.6231243, -82.9800155)
6,(44.968164900000005, -93.2593661)
6,(43.4711636, -88.184613)
6,(41.6677157, -87.7170894)
6,(41.091638, -81.97949)
6,(40.01429590000001, -81.62136510000002)
6,(40.4741852, -90.6918219)
6,(43.0980008, -89.3372104)
6,(43.016921, -83.521982)
6,(41.3691131, -81.66947)
6,(41.3668664, -81.7516746)
6,(42.1103189, -88.2205936)
6,(41.7807371, -88.2768545)
6,(39.1554497, -84.4837313)
6,(41.97609200000001, -87.6534418)
6,(42.2466152, -83.6737162)
6,(42.3477199, -83.4729937)
6,(39.813445, -86.213709)
6,(38.949584, -90.317021)
6,(39.240342, -84.352238)
6,(42.6852844, -89.0209853)
6,(39.90760100000001, -86.23091)
6,(44.4582983, -93.161604)
6,(42.2132168, -84.4315578)
6,(39.232534, -84.404357)
6,(39.8760771, -84.0242748)
6,(42.416072, -88.026079)
6,(40.1044287, -83.0522921)
6,(40.1080987, -83.1660762)
6,(43.199225, -89.234848)
6,(39.305767, -84.497175)
6,(44.943197, -93.149392)
6,(39.18642749999999, -85.9754347)
6,(43.2475083, -90.5837151)
6,(44.120464, -87.827429)
6,(41.4259607, -81.7086067)
6,(44.32880899999999, -88.535343)
6,(42.787713000000004, -96.1530357)
6,(43.089409, -89.355879)
6,(46.7936266, -92.0996761)
6,(37.9099664, -84.7494828)
6,(42.49956209999999, -90.667389)
6,(39.938766300000005, -81.9894103)
6,(37.986859, -84.487533)
6,(41.4757715, -81.5622612)
6,(42.90270000000001, -85.7287866)
6,(43.0841464, -89.447201)
6,(45.4770127, -89.68292530000001)
6,(44.0762659, -93.2308601)
6,(41.4970155, -81.9700324)
6,(42.213746, -83.606285)
6,(43.156279500000004, -89.2822124)
6,(38.6560769, -90.3496018)
6,(38.945499600000005, -92.3612684)
6,(39.324348, -84.228095)
6,(42.1396033, -88.2237264)
6,(45.43167590000001, -84.9919992)
6,(41.4525759, -81.9223738)
6,(41.4474461, -81.6359015)
6,(41.8565223, -88.3240011)
6,(44.52721780000001, -89.50719610000002)
6,(43.5290003, -89.8158905)
6,(41.90241329999999, -87.7787887)
6,(44.9952302, -93.2559709)
6,(43.101752, -87.899284)
6,(41.7105685, -83.7052723)
6,(44.902107, -93.410219)
6,(40.03869, -85.675168)
6,(41.68489890000001, -86.2565147)
6,(44.932356000000006, -93.379945)
6,(41.175572, -95.92025)
6,(38.8490433, -94.2965981)
6,(42.5619077, -87.8168351)
6,(44.878594, -93.34691200000002)
6,(40.0596356, -83.0207051)
6,(44.0857652, -87.6806162)
6,(38.6433319, -90.2638819)
6,(42.792696899999996, -88.1497601)
6,(40.8701576, -88.6273415)
6,(42.712348000000006, -83.280693)
6,(40.9374008, -82.0332897)
6,(44.9726944, -93.1301553)
6,(38.7888402, -90.3895292)
6,(42.7793509, -88.9469926)
6,(42.1240135, -87.8400143)
6,(40.0568842, -86.0472056)
6,(41.4442476, -81.8594616)
6,(41.8745691, -85.1951403)
6,(41.6120707, -81.4429228)
6,(42.347768, -83.82589400000002)
6,(43.7390519, -93.7314185)
6,(39.87316719999999, -86.2539366)
6,(44.2971241, -90.854715)
6,(40.05330620000001, -83.0407207)
6,(41.43129029999999, -90.46776160000002)
6,(42.736471, -84.458198)
6,(43.103166, -88.812681)
6,(44.798472, -91.533204)
6,(44.870964, -93.107351)
6,(39.9724344, -86.11488960000001)
6,(42.10151950000001, -87.98624240000001)
6,(36.630331399999996, -87.373163)
6,(42.878985, -89.429469)
6,(42.203776, -88.116281)
6,(46.821553, -96.826355)
6,(42.000688100000005, -87.7654057)
6,(42.287197500000005, -83.7347901)
6,(42.722229999999996, -88.592254)
6,(41.0466225, -81.3188343)
6,(41.7916888, -87.9315751)
6,(44.84538880000001, -93.3381086)
6,(39.0475407, -84.5598143)
6,(42.4011385, -86.2674281)
6,(38.2386292, -85.4914665)
6,(41.806262000000004, -89.6964726)
6,(44.9149782, -93.28794820000002)
6,(40.710773, -93.36506180000002)
6,(44.9610059, -93.3283231)
6,(39.201334, -84.44426300000002)
6,(44.9069253, -93.320399)
6,(39.1409476, -86.0743065)
6,(40.7455779, -82.5641462)
6,(44.942158500000005, -93.1195141)
6,(43.0539487, -87.889037)
6,(41.9322528, -88.0172075)
6,(45.001182799999995, -93.15376)
6,(40.159382, -85.841558)
6,(41.8352411, -87.96504620000002)
6,(42.101847, -87.801145)
6,(38.57225600000001, -90.381193)
6,(43.1019226, -89.338427)
6,(42.116674, -87.86879)
6,(39.85579100000001, -94.82756000000002)
6,(42.2629814, -85.5953941)
6,(42.0626057, -87.6824044)
6,(42.51906, -89.65268370000001)
6,(38.765881, -90.2994779)
6,(44.7340515, -93.4302364)
6,(39.62969230000001, -84.1598768)
6,(41.496544500000006, -87.8888071)
6,(41.5223849, -87.5124989)
6,(44.888944, -93.3712995)
6,(39.3081462, -84.3762989)
6,(42.88189760000001, -97.3918748)
6,(41.987589400000005, -88.0810473)
6,(41.9303938, -87.6399447)
6,(41.8834178, -87.6255376)
6,(41.803594000000004, -87.94261180000001)
6,(44.9893111, -93.1621574)
6,(41.336783600000004, -81.43501160000001)
6,(40.83478720000001, -81.3616838)
6,(45.128494, -93.153875)
6,(41.43969330000001, -81.8750853)
6,(44.1886204, -88.4826641)
6,(42.541799100000006, -89.0912531)
6,(41.344829, -83.1027)
6,(41.8894661, -87.6288622)
6,(39.984392, -83.041393)
6,(47.0231023, -91.6634327)
6,(44.9360434, -93.291818)
6,(43.1283568, -88.0708398)
6,(34.77370820000001, -90.7576112)
6,(41.8912471, -88.3309872)
6,(47.517346, -92.132641)
6,(45.6651167, -89.505302)
6,(47.86137699999999, -97.059811)
6,(42.324964099999995, -83.2554653)
6,(44.9161547, -92.9298746)
6,(38.863412200000006, -92.2032323)
6,(38.6582999, -90.322354)
6,(42.93633090000001, -87.9935805)
6,(44.4469622, -93.15277380000002)
6,(39.990821499999996, -82.9350103)
6,(41.602572200000004, -86.2410957)
6,(42.692219, -84.459263)
6,(40.834774, -81.9343952)
6,(40.7779878, -82.1180148)
6,(42.9206287, -87.98496370000001)
6,(41.43546, -91.028098)
6,(41.9088732, -87.63203890000001)
6,(41.647966499999995, -86.23011190000001)
6,(48.14, -101.39)
6,(46.8517637, -92.0185455)
6,(41.38371039999999, -82.5657112)
6,(41.1010635, -83.1803998)
6,(41.798967, -87.585908)
6,(42.4271397, -87.9132433)
6,(41.9163898, -87.67909370000001)
6,(41.967335, -87.694611)
6,(43.8345538, -88.0207415)
6,(42.4565532, -83.4468771)
6,(44.737001, -93.17465400000002)
6,(41.7834598, -88.1083073)
6,(41.9541855, -87.6458258)
6,(38.59225390000001, -90.3381334)
6,(39.2092093, -84.60894400000001)
6,(43.0937523, -87.8931646)
6,(40.1099289, -88.2752087)
6,(41.2265152, -82.6224691)
6,(45.1115496, -87.6226195)
6,(41.883086, -87.7914297)
6,(42.2649454, -87.9468855)
6,(39.8065766, -83.8952459)
6,(42.06835300000001, -87.8115833)
6,(41.888262, -87.799398)
6,(42.2435215, -85.9004037)
6,(42.0373212, -87.9093605)
6,(43.0766986, -88.0241005)
6,(41.023291, -85.1095444)
6,(44.837659, -93.389047)
6,(44.0783878, -92.5257826)
6,(44.9309508, -93.2038145)
6,(41.237938, -82.320257)
6,(42.8688461, -86.1188905)
6,(41.720866, -94.9250538)
6,(41.149266, -81.3244086)
6,(41.8804648, -87.6327974)
6,(43.0155902, -89.2920989)
6,(41.855447, -88.127965)
6,(42.394159, -82.932872)
6,(39.36392380000001, -84.3304714)
6,(44.77742899999999, -91.520023)
6,(44.740643, -88.073685)
6,(40.75365279999999, -86.0688811)
6,(42.353019800000006, -87.9001134)
6,(39.8208925, -84.0193789)
6,(42.8390259, -85.689774)
6,(42.0055848, -91.6416581)
6,(42.38665580000001, -83.3547002)
6,(43.094064, -87.882898)
6,(41.8888459, -87.7914692)
6,(45.5563626, -94.1564241)
6,(43.012262, -88.054502)
6,(44.9604957, -93.341646)
6,(41.4418597, -81.788559)
6,(41.265114399999995, -84.3684905)
6,(37.9779805, -82.0227444)
6,(41.2519257, -96.1853142)
6,(42.5577886, -83.2296403)
6,(41.565377, -90.511065)
6,(38.269766, -85.672472)
6,(41.90063080000001, -87.6226581)
6,(43.154125900000004, -90.4927917)
6,(44.6261907, -90.0781249)
6,(42.6446375, -95.2179939)
6,(41.6705888, -86.2824405)
6,(45.4959096, -91.94424720000002)
6,(43.5218531, -96.7258954)
6,(42.4304872, -83.465212)
6,(38.609943, -90.22878800000001)
6,(41.62867289999999, -83.7418862)
6,(41.8759042, -88.0900662)
6,(41.6413872, -86.3697186)
6,(41.67042589999999, -83.6719303)
6,(43.2813337, -82.62200160000002)
6,(43.065399, -87.9966)
6,(43.97028399999999, -92.372997)
6,(43.628118, -94.4766186)
6,(41.6066214, -87.83403420000002)
6,(40.0824416, -88.2079324)
6,(40.846739, -81.4396976)
6,(42.1738228, -85.5587849)
6,(39.5061209, -84.7621234)
6,(39.7112298, -94.8687029)
6,(39.9636867, -83.0731669)
6,(45.1902889, -93.2001095)
6,(41.2688946, -96.0580129)
6,(40.123525400000005, -82.9252431)
6,(42.2387397, -88.1270032)
6,(41.8355815, -87.8701969)
6,(42.4780938, -90.6593837)
6,(41.837847599999996, -83.8536882)
6,(41.501050000000006, -81.6864848)
6,(38.2638108, -85.7051772)
6,(41.7988247, -87.7902476)
6,(45.0623575, -93.2370268)
6,(43.0619293, -89.41673)
6,(39.097075, -84.6424343)
6,(45.5102135, -92.9931054)
6,(42.5841626, -83.243155)
6,(40.71563400000001, -89.42139600000002)
6,(44.9425945, -93.1723514)
6,(44.953622, -93.343847)
6,(42.1887912, -88.2151274)
6,(37.7036487, -84.7972991)
6,(42.596338, -83.21322)
6,(39.77930870000001, -84.1246726)
6,(43.0410083, -87.9051665)
6,(44.961622, -93.297271)
6,(39.153779, -84.479369)
6,(44.19459100000001, -84.0368696)
6,(40.8640466, -81.4421663)
6,(41.9157621, -87.9047772)
6,(42.103828, -87.8321022)
6,(42.316849, -89.0522809)
6,(42.66626860000001, -83.1145644)
6,(45.1122671, -93.0964683)
6,(41.64925550000001, -91.5290823)
6,(39.24533199999999, -84.2872994)
6,(41.8024889, -87.9966357)
6,(36.08, -87.39)
6,(42.22786109999999, -87.9406019)
6,(41.683901, -87.754346)
6,(38.631878400000005, -90.2162681)
6,(39.827821, -84.2546856)
6,(42.28, -83.75)
6,(41.86860730000001, -88.0643175)
6,(42.084238299999996, -87.728534)
6,(42.1407642, -89.22808280000001)
6,(41.9357952, -87.6538229)
6,(42.0909122, -88.0693278)
6,(41.8964493, -85.61109590000001)
6,(43.0093828, -89.4304384)
6,(39.9754216, -86.10594710000001)
6,(44.3412181, -98.2212958)
6,(43.0478128, -88.0155582)
6,(44.866882000000004, -92.5906349)
6,(43.4255517, -88.1667765)
6,(40.8962219, -83.8937724)
6,(40.8200012, -81.50898470000001)
6,(41.43946269999999, -81.4494942)
6,(45.628796, -94.5720549)
6,(41.21231680000001, -81.9255615)
6,(41.164118, -81.935012)
6,(44.3183478, -94.4779849)
6,(40.459611, -86.98895900000001)
6,(39.64417670000001, -84.1059806)
6,(42.061091999999995, -87.7095983)
6,(44.85002740000001, -93.4157261)
6,(42.9301803, -85.5113048)
6,(39.9440423, -82.9380302)
6,(42.207380300000004, -87.82573990000002)
6,(42.1775052, -87.84033650000002)
6,(40.509499, -88.969828)
6,(38.9196741, -90.1375872)
6,(43.064199, -89.509275)
6,(37.7204964, -89.2367165)
6,(45.5921794, -94.3107843)
6,(44.51438640000001, -92.28408120000002)
6,(41.41409010000001, -81.5820395)
6,(43.5574533, -96.7347527)
6,(39.75216100000001, -84.115226)
6,(42.076832, -87.827336)
6,(43.0404151, -89.4931949)
6,(42.0165391, -91.5929008)
6,(41.93691869999999, -87.6391107)
6,(39.838773200000006, -88.8931054)
6,(41.523220800000004, -81.5655334)
6,(42.1299629, -83.161633)
6,(42.060543300000006, -87.7072032)
6,(41.6424433, -86.7763336)
6,(41.3843547, -83.6631124)
6,(39.7166291, -84.0633098)
6,(41.8631946, -87.6290901)
6,(42.276674, -83.717106)
6,(43.085364, -88.045246)
6,(38.5950879, -90.379197)
6,(43.0878388, -87.9706471)
6,(42.0944939, -87.8222394)
6,(41.806603, -87.586581)
6,(41.8537229, -87.8949115)
6,(41.771513799999994, -87.5693132)
6,(43.8728699, -97.8689001)
6,(42.046001000000004, -87.6772459)
6,(42.0874681, -87.6998083)
6,(42.6562511, -89.0564781)
6,(42.27437150000001, -83.7740826)
6,(39.1256823, -84.5275464)
6,(44.8488667, -93.4362778)
6,(38.297581, -85.645252)
6,(43.0749248, -87.8770179)
6,(45.15965070000001, -93.0542668)
6,(42.071761699999996, -87.714266)
6,(42.756003899999996, -84.491256)
6,(41.448770999999994, -89.95551)
6,(38.622932000000006, -90.382525)
6,(41.5405573, -96.1462679)
6,(41.960103, -88.1626861)
6,(42.1152328, -87.7417747)
6,(41.547303, -87.653153)
6,(43.026261999999996, -88.3751924)
6,(41.7028274, -86.2179706)
6,(40.444126, -86.91667)
6,(39.18109760000001, -84.8547746)
6,(39.4657915, -87.3892477)
6,(42.17556400000001, -87.827996)
6,(40.1086961, -82.9719769)
6,(37.72727270000001, -89.2167501)
6,(44.9765902, -93.309917)
6,(41.3473736, -83.1310567)
6,(43.02344990000001, -83.617071)
6,(42.2804952, -88.0592573)
6,(42.735307, -83.120092)
6,(42.29002169999999, -83.6805246)
6,(45.0470344, -93.2943686)
6,(41.275805, -81.398722)
6,(41.4354954, -81.3798278)
6,(44.9804654, -93.2013325)
6,(42.5746346, -87.9250052)
6,(42.0548595, -87.75065530000002)
6,(42.0013644, -87.8283098)
6,(42.59791, -83.611979)
6,(39.1534852, -86.502771)
6,(42.06775699999999, -87.6832005)
6,(44.0247743, -92.4608461)
6,(41.5862267, -93.6214439)
6,(43.33402540000001, -88.1560908)
6,(45.3860802, -91.0381966)
6,(41.9589828, -87.7596361)
6,(43.047666, -89.4445808)
6,(44.9421518, -93.2935749)
