3,(42.044158100000004, -97.4314302)
3,(35.1330889, -108.491741)
3,(35.11, -106.6)
3,(29.567220000000006, -95.061908)
3,(35.509262, -98.98968)
3,(39.6716758, -104.9902118)
3,(39.42230390000001, -107.093206)
3,(29.543039499999995, -98.5190881)
3,(41.28365699999999, -105.5234649)
3,(32.9133276, -96.8114311)
3,(32.647742, -97.4025641)
3,(35.6868, -105.9488147)
3,(40.49, -106.83)
3,(35.6657705, -105.9819448)
3,(39.2838783, -106.0627967)
3,(35.6422893, -105.9663259)
3,(29.69092240000001, -95.4723451)
3,(40.1807755, -105.1115099)
3,(30.712615299999996, -95.55708010000001)
3,(30.215136500000003, -97.8696523)
3,(29.976173, -95.5978655)
3,(39.742785000000005, -105.0516853)
3,(29.3605467, -94.9738367)
3,(39.0057614, -95.6392047)
3,(32.9549801, -96.8002983)
3,(35.135337400000004, -106.5075709)
3,(30.2051597, -97.91443690000001)
3,(32.4509525, -99.712612)
3,(44.08, -103.20999990000001)
3,(29.7013564, -95.5445893)
3,(35.208715, -106.7205798)
3,(39.6302254, -104.8092046)
3,(30.329318100000002, -97.8769522)
3,(34.7616485, -92.3237494)
3,(38.168266, -107.687229)
3,(30.315140799999998, -97.7557093)
3,(29.674277900000003, -95.482039)
3,(35.229285, -97.5082672)
3,(38.959846, -95.2563384)
3,(39.7499956, -104.91784070000001)
3,(32.8483655, -96.6327773)
3,(40.1892914, -105.1610772)
3,(30.655175100000005, -96.3944747)
3,(32.9008588, -96.7356204)
3,(39.9452752, -105.1502664)
3,(29.3830025, -98.7368795)
3,(39.895956, -106.608797)
3,(30.033669100000004, -95.5415604)
3,(35.1602815, -106.4972841)
3,(32.8890919, -96.8477288)
3,(30.341652000000007, -97.7843431)
3,(35.069436100000004, -106.5980101)
3,(35.064562, -106.5932673)
3,(32.0039468, -102.154912)
3,(39.7280566, -104.9616731)
3,(39.6326298, -106.0779794)
3,(39.0687149, -108.5662111)
3,(39.31847719999999, -94.9392923)
3,(29.472366000000008, -98.4663478)
3,(38.29613309999999, -104.6231278)
3,(35.070908300000006, -106.7037537)
3,(36.4508749, -95.8825452)
3,(39.908814500000005, -105.0581893)
3,(39.0703032, -108.5914173)
3,(30.634769100000003, -96.31191790000001)
3,(30.0766295, -94.16626520000001)
3,(32.8337645, -96.7866559)
3,(30.211452500000004, -97.81678010000002)
3,(30.114526999999995, -96.6319369)
3,(34.6063382, -98.4032152)
3,(32.4478892, -93.7364518)
3,(35.66474970000001, -105.9419329)
3,(32.8664357, -96.8000069)
3,(31.871747300000003, -106.5489566)
3,(39.7193074, -105.1821877)
3,(30.019287400000007, -95.457863)
3,(29.579813000000005, -98.4685847)
3,(40.8148528, -96.6466217)
3,(38.99234859999999, -95.2835672)
3,(35.781104, -105.92176800000001)
3,(30.369640699999998, -97.7688178)
3,(29.9176698, -95.6892014)
3,(38.4566841, -105.2397169)
3,(40.8682028, -97.6004533)
3,(32.8630894, -96.7268443)
3,(39.8225071, -105.0900204)
3,(30.2041655, -95.4819059)
3,(40.1881582, -105.0666232)
3,(39.9965565, -105.1253093)
3,(29.5372064, -98.5137008)
3,(29.687242400000006, -95.4744059)
3,(41.313240699999994, -105.5907938)
3,(29.5193481, -98.343842)
3,(39.6427719, -104.7774222)
3,(39.7044383, -105.2753378)
3,(34.7702851, -92.38188750000002)
3,(39.360386, -107.074488)
3,(38.9645473, -95.267224)
3,(29.6672582, -95.0747386)
3,(37.7364955, -97.4871291)
3,(40.00054680000001, -105.27728040000001)
3,(39.851348, -105.139818)
3,(39.7646439, -105.0958043)
3,(39.853309700000004, -105.1047819)
3,(40.4378014, -105.08329010000001)
3,(29.740815999999995, -95.489237)
3,(40.175658, -105.1288163)
3,(35.897638, -106.262835)
3,(40.5770461, -105.067668)
3,(32.8384983, -96.8140832)
3,(39.74439, -104.917939)
3,(35.5116394, -97.5370549)
3,(39.960197400000006, -105.3380769)
3,(26.2994418, -98.1872132)
3,(29.458009200000003, -98.4935931)
3,(29.746017800000004, -94.9463444)
3,(38.8550972, -104.8047473)
3,(30.2931082, -97.7715555)
3,(29.7135257, -98.1633792)
3,(39.1033421, -108.5880801)
3,(39.02709370000001, -94.6260065)
3,(39.60015, -105.358587)
3,(40.031852, -105.26174)
3,(39.7426374, -104.962543)
3,(35.231500600000004, -105.1960795)
3,(29.7068279, -95.3596782)
3,(40.04671929999999, -105.3236349)
3,(41.1456698, -104.8297236)
3,(31.831598499999995, -106.549368)
3,(29.402617099999993, -100.9162271)
3,(31.403749800000003, -100.4715143)
3,(32.027851, -102.121217)
3,(39.68922390000001, -104.98582)
3,(36.07077550000001, -94.1489263)
3,(39.902303, -105.027544)
3,(39.5753594, -105.1608139)
3,(40.5547652, -105.0502214)
3,(29.6809247, -95.4367542)
3,(30.334738, -98.140499)
3,(29.5845237, -95.2009474)
3,(40.166543299999994, -105.0983301)
3,(29.661615399999995, -95.4372719)
3,(28.804398000000003, -97.007992)
3,(30.1459567, -95.4554379)
3,(35.1890377, -106.6856518)
3,(36.079908, -97.106225)
3,(40.0127405, -105.229939)
3,(38.8573034, -104.8255868)
3,(35.8800364, -106.3031138)
3,(39.709477199999995, -104.9102173)
3,(36.1521317, -95.9894381)
3,(35.674336, -105.9232882)
3,(40.448426, -105.2206535)
3,(30.010074799999998, -95.4770782)
3,(29.7519701, -95.5598988)
3,(32.9954862, -96.8238119)
3,(26.174335000000003, -98.18825)
3,(29.8454994, -97.8408364)
3,(34.8606811, -92.4166434)
3,(29.760000000000005, -95.36)
3,(39.7849171, -99.3545796)
3,(39.6025772, -105.0132057)
3,(39.7017441, -104.8765381)
3,(36.1230335, -95.8263203)
3,(39.8814252, -105.0352955)
3,(32.8141269, -97.4044364)
3,(34.159609599999996, -106.9100192)
3,(39.9455004, -104.9326976)
3,(39.77, -105.08)
3,(30.341855300000002, -97.744649)
3,(40.4437677, -105.0836177)
3,(40.16581080000001, -105.0972162)
3,(30.01036050000001, -99.1381907)
3,(44.073477999999994, -103.221193)
3,(30.2456728, -97.7688358)
3,(38.924739, -94.5964585)
3,(40.00417999999999, -105.4642119)
3,(30.034621100000003, -95.181556)
3,(39.1079234, -108.5553333)
3,(39.9876604, -105.2721809)
3,(39.186769500000004, -96.6232175)
3,(40.03543700000001, -105.239257)
3,(32.8966755, -96.7973401)
3,(36.7157391, -107.9822798)
3,(30.016960999999995, -97.892276)
3,(39.8056528, -105.1145282)
3,(40.7687115, -96.61033510000001)
3,(38.8542396, -104.8211004)
3,(29.563096, -98.4949161)
3,(39.7349193, -104.963188)
3,(35.643080499999996, -105.9287912)
3,(29.7800858, -95.6404477)
3,(35.5634425, -105.7014937)
3,(34.17975200000001, -103.3348004)
3,(37.7138613, -97.2602504)
3,(30.2472763, -97.7365146)
3,(33.4998033, -94.2288771)
3,(29.611980000000003, -98.45692120000001)
3,(40.90588000000001, -100.2631943)
3,(29.984706099999997, -98.0922752)
3,(35.734853, -105.948453)
3,(29.96282, -95.596384)
3,(37.7571332, -100.0107742)
3,(39.6733943, -105.14910510000001)
3,(39.754015, -104.9934632)
3,(39.77590659999999, -105.0096957)
3,(39.66596030000001, -104.8837731)
3,(39.0907963, -108.4869555)
3,(41.78167319999999, -99.1331539)
3,(42.8248777, -102.98986370000002)
3,(35.13406929999999, -106.5188203)
3,(29.719643500000004, -95.4402007)
3,(26.1849941, -97.6769891)
3,(39.665357199999995, -105.0266582)
3,(35.0912083, -106.6145181)
3,(39.60439360000001, -104.912575)
3,(39.546514, -104.721141)
3,(32.747041700000004, -97.3778183)
3,(29.7604124, -95.4592691)
3,(33.1885526, -97.1161108)
3,(42.3817734, -98.529965)
3,(38.8893677, -94.7292128)
3,(39.9868058, -105.2593165)
3,(30.1854579, -95.5246587)
3,(32.441938, -99.6992761)
3,(35.043152, -106.498802)
3,(39.7156227, -105.0992161)
3,(32.8040166, -98.145659)
3,(39.8306756, -105.1539452)
3,(33.0743603, -96.7252424)
3,(38.8300712, -104.868467)
3,(35.8949659, -106.3211945)
3,(29.7425374, -94.9466732)
3,(37.2022397, -93.27292440000001)
3,(29.477037999999997, -98.435564)
3,(39.6478, -104.9010332)
3,(29.4694535, -98.4673337)
3,(40.025158, -105.278599)
3,(41.868, -103.651)
3,(35.126789200000005, -106.6817402)
3,(30.639699, -97.715133)
3,(40.0089619, -105.1943387)
3,(33.0118973, -97.0809709)
3,(39.7477634, -105.0342792)
3,(35.0824191, -106.5172243)
3,(37.6680746, -97.2779797)
3,(32.6686614, -97.4228253)
3,(32.4787644, -94.0596305)
3,(29.739253999999995, -95.441029)
3,(40.0026211, -105.175183)
3,(39.74346750000001, -104.9885747)
3,(38.8141947, -104.85168210000002)
3,(39.062094, -104.81379)
3,(34.6717572, -92.9639579)
3,(30.293094100000005, -97.7673575)
3,(37.299892799999995, -107.8774549)
3,(36.451179, -94.259358)
3,(29.709312999999998, -95.4135079)
3,(30.05, -94.08)
3,(39.0013081, -94.7756728)
3,(29.482720000000004, -98.464495)
3,(39.906106, -105.01200100000001)
3,(39.166726000000004, -107.24982400000002)
3,(39.092662, -104.799617)
3,(39.736938, -104.978425)
3,(35.94627839999999, -106.0799311)
3,(35.2094341, -101.9002913)
3,(37.5932619, -100.4417444)
3,(39.0996332, -108.54082370000002)
3,(39.7666764, -105.0045395)
3,(32.86658, -96.842341)
3,(33.513149, -102.0129874)
3,(39.668601, -104.8272298)
3,(40.04634680000001, -105.2513828)
3,(29.748074, -95.396075)
3,(29.735058000000002, -95.378763)
3,(38.9274275, -104.8493098)
3,(39.61370699999999, -104.921045)
3,(38.9104091, -104.8411214)
3,(35.5113985, -108.7271828)
3,(35.0970538, -106.5772999)
3,(27.513461699999997, -99.48397730000002)
3,(35.690297, -105.932275)
3,(40.275374, -105.109121)
3,(36.072145000000006, -95.9313486)
3,(35.8830385, -106.2898812)
3,(39.5420305, -107.7698065)
3,(40.1929342, -105.0858811)
3,(40.07500300000001, -105.299829)
3,(35.0680188, -106.595047)
3,(30.366699, -97.7329398)
3,(37.6895823, -97.2405714)
3,(32.8084879, -97.580081)
3,(35.6508461, -105.9941039)
3,(35.1834452, -101.8912971)
3,(37.697772, -97.521173)
3,(38.9896202, -104.6919682)
3,(36.04083920000001, -95.9556277)
3,(29.544933900000004, -98.3478698)
3,(40.5231066, -105.1122773)
3,(29.774983999999993, -95.42916200000002)
3,(35.099437, -106.6255844)
3,(40.042911, -105.2748174)
3,(32.7001264, -100.9420194)
3,(29.601580100000003, -95.1020296)
3,(30.623551, -98.10393610000001)
3,(34.672146, -92.942971)
3,(29.4739991, -98.7390075)
3,(32.8047742, -96.7625399)
3,(29.724100100000005, -95.4444219)
3,(40.1442115, -105.0992629)
3,(29.572386299999998, -98.267452)
3,(39.6175906, -104.9803057)
3,(39.64556559999999, -105.0574941)
3,(39.7354632, -104.9690795)
3,(36.5049013, -101.7943538)
3,(40.6142362, -105.0511529)
3,(30.314993, -98.92453430000002)
3,(39.7555726, -105.1586619)
3,(30.324755699999997, -97.7412126)
3,(37.1696275, -95.7060659)
3,(30.232925000000005, -93.319219)
3,(35.1779099, -106.5375893)
3,(32.99301530000001, -96.6941971)
3,(30.2541554, -97.7711226)
3,(29.551249599999995, -98.7130654)
3,(34.6882746, -92.9968382)
3,(39.6061484, -104.8554425)
3,(38.88175880000001, -94.8293608)
3,(29.5636481, -98.4264017)
3,(37.9241018, -95.5356649)
3,(30.411901699999998, -97.7637833)
3,(39.689061, -104.7898996)
3,(29.545860000000005, -98.5066692)
3,(39.792422, -104.9541898)
3,(29.9933524, -95.5898529)
3,(40.0224891, -105.0373973)
3,(31.518759999999993, -97.224957)
3,(39.7371424, -104.9669047)
3,(35.661777199999996, -105.931516)
3,(39.754299200000005, -104.930803)
3,(31.568563199999996, -93.4849044)
3,(39.6216615, -104.8138808)
3,(32.844069, -96.964026)
3,(36.9222941, -93.9275952)
3,(39.7218958, -104.937671)
3,(35.7097949, -106.009907)
3,(32.742574, -109.722975)
3,(29.861524800000005, -95.6214009)
3,(29.5575046, -95.7447674)
3,(32.683586999999996, -97.1432363)
3,(39.351033, -104.8186829)
3,(29.283659800000002, -94.8700317)
3,(29.758372399999992, -95.5446759)
3,(35.24351630000001, -106.6626747)
3,(40.0053802, -105.1751174)
3,(39.627472, -105.119413)
3,(30.6036707, -96.2855037)
3,(39.032248, -104.654908)
3,(36.140598, -97.061668)
3,(39.6899259, -104.9408865)
3,(39.23936100000001, -94.9074803)
3,(35.0693573, -106.6093838)
3,(33.100952, -96.703784)
3,(40.8215744, -96.60825190000001)
3,(35.8822805, -106.2827638)
3,(30.385073900000002, -97.7492077)
3,(41.30087730000001, -105.5687522)
3,(32.8725496, -96.7735137)
3,(40.0106527, -105.2628313)
3,(33.5932825, -101.9501861)
3,(30.765235499999996, -98.2324692)
3,(40.0336801, -105.2912932)
3,(30.1876444, -95.4967841)
3,(36.1275829, -95.9691131)
3,(40.087945399999995, -105.2615231)
3,(29.3671606, -98.4245571)
3,(39.7123958, -104.9660628)
3,(40.792167000000006, -96.661095)
3,(35.4391782, -97.5404582)
3,(30.2588648, -97.77432410000002)
3,(30.316675599999996, -97.7552514)
3,(33.75440389999999, -102.2825016)
3,(29.047885199999996, -95.440754)
3,(40.5365798, -105.09314360000002)
3,(35.82890700000001, -106.20541)
3,(29.5797667, -98.440733)
3,(35.8785651, -97.4579714)
3,(36.4704514, -94.2128337)
3,(33.0179026, -97.0233709)
3,(35.0936716, -106.5700684)
3,(32.73612, -97.424512)
3,(32.9690253, -96.6868966)
3,(37.7917322, -97.62504660000002)
3,(41.10556249999999, -98.0064161)
3,(39.6004934, -106.002392)
3,(40.03146589999999, -105.2786463)
3,(32.353718300000004, -106.7517842)
3,(29.406719999999996, -98.48893)
3,(39.739673, -104.930705)
3,(29.5216054, -98.4292431)
3,(39.98230420000001, -105.2523531)
3,(31.075236, -97.385941)
3,(39.6929352, -105.1403102)
3,(29.6001848, -95.6791659)
3,(32.8530431, -96.9545158)
3,(35.5407655, -105.9610483)
3,(39.8568436, -105.161713)
3,(30.261642700000003, -97.7221996)
3,(38.57668269999999, -94.87388100000001)
3,(39.861899400000006, -105.0860421)
3,(35.0622029, -106.5906406)
3,(39.7488335, -104.9249237)
3,(36.0792775, -95.88153230000002)
3,(30.020586000000005, -95.5439001)
3,(30.2878883, -97.7716295)
3,(35.641693499999995, -97.4668478)
3,(31.8721808, -106.4184988)
3,(30.188161999999995, -93.198627)
3,(39.7235195, -104.9291365)
3,(40.0770036, -105.3541612)
3,(30.723976500000003, -97.7425846)
3,(40.42, -104.7)
3,(32.5363338, -94.3184168)
3,(40.5544512, -105.0927487)
3,(39.5588103, -105.0338381)
3,(35.08948999999999, -106.657554)
3,(41.440436600000005, -97.3576949)
3,(35.088524, -106.630269)
3,(43.92446339999999, -103.5165095)
3,(31.7878937, -106.4357524)
3,(39.7520134, -105.1290525)
3,(26.1638349, -97.6378895)
3,(38.929223099999994, -104.8436333)
3,(30.435918200000003, -97.8265708)
3,(39.689561299999994, -104.9864146)
3,(37.1609878, -93.2295409)
3,(39.5792976, -104.9195432)
3,(40.0867314, -105.3361574)
3,(42.849079100000004, -106.28400380000001)
3,(37.1490933, -93.2690053)
3,(38.3676714, -98.75834990000001)
3,(41.3128392, -105.5886389)
3,(35.6856266, -105.9203479)
3,(39.72487970000001, -104.9224533)
3,(39.1842155, -96.5975813)
3,(40.433559, -105.1049169)
3,(39.638275, -104.93167900000002)
3,(36.402712, -94.094934)
3,(39.9915581, -105.25094320000001)
3,(39.6204055, -104.9947473)
3,(32.4894948, -93.7419884)
3,(33.4, -104.53)
3,(35.665815, -97.4763339)
3,(39.6162595, -105.2501999)
3,(38.967043000000004, -95.3058621)
3,(36.08910089999999, -95.9066545)
3,(30.0560698, -95.1850932)
3,(32.8599107, -97.196495)
3,(32.83008890000001, -97.1649342)
3,(32.6703226, -97.3716304)
3,(33.1760916, -96.6828213)
3,(33.2175549, -97.1580626)
3,(33.0444304, -97.0799626)
3,(40.1353245, -104.9475516)
3,(32.81206459999999, -96.7995131)
3,(34.755229, -92.30881700000002)
3,(38.979714099999995, -105.35749430000001)
3,(38.926974, -104.82571100000001)
3,(33.0518047, -96.7389138)
3,(29.8809412, -97.9485933)
3,(39.6516239, -104.95392010000002)
3,(36.6169786, -99.7473431)
3,(31.564548500000004, -106.1909582)
3,(40.171089200000004, -105.1176497)
3,(35.65675920000001, -105.9224007)
3,(38.2264111, -105.4427608)
3,(34.076695, -93.688771)
3,(35.818613, -106.198442)
3,(39.6573934, -105.0616117)
3,(39.713730399999996, -104.9867838)
3,(29.743951, -95.4169872)
3,(30.290092800000004, -97.6419788)
3,(39.7490954, -104.9243167)
3,(29.511502199999995, -98.4629744)
3,(37.349546, -108.5828156)
3,(38.865, -107.94900000000001)
3,(40.0077874, -105.28897880000001)
3,(35.6430304, -105.9420751)
3,(40.56201360000001, -98.3824266)
3,(32.298, -95.306909)
3,(35.5683262, -97.6316064)
3,(39.66050239999999, -104.906564)
3,(39.7466786, -105.1375975)
3,(34.1742611, -97.1436254)
3,(40.588209, -105.1362429)
3,(41.1740964, -101.0359025)
3,(32.007303, -102.0877377)
3,(44.048098200000005, -103.2107516)
3,(29.536845799999995, -98.5466312)
3,(39.68021410000001, -105.0649819)
3,(38.96784809999999, -94.5910668)
3,(36.14, -105.68)
3,(29.4280907, -98.4900183)
3,(34.4396281, -93.1820844)
3,(40.3714654, -105.5139824)
3,(40.52807949999999, -105.08839040000001)
3,(33.035340100000006, -96.6107254)
3,(29.543957100000004, -98.5440767)
3,(40.566387000000006, -105.0914639)
3,(38.766491, -104.8173011)
3,(30.222947199999997, -97.8018252)
3,(29.5091183, -98.4891735)
3,(40.5730742, -105.1373041)
3,(29.67827709999999, -95.2766208)
3,(38.8543097, -104.7557795)
3,(38.842237, -104.916548)
3,(32.707925, -97.386537)
3,(32.886794, -97.210057)
3,(29.0519358, -95.42943)
3,(32.380951, -97.642613)
3,(37.6966286, -97.34132120000001)
3,(35.3565755, -94.36342380000002)
3,(38.9561144, -95.3036378)
3,(40.39608969999999, -105.1347249)
3,(40.0089057, -105.2596794)
3,(33.1476522, -97.0640429)
3,(40.8078, -96.703591)
3,(30.425340700000003, -97.7113404)
3,(32.8966286, -96.6589272)
3,(39.8495252, -105.1394746)
3,(39.7409633, -104.9462637)
3,(40.044755, -105.270325)
3,(35.52479400000001, -105.95919800000001)
3,(39.7654898, -104.9717991)
3,(39.6718137, -104.8821642)
3,(32.8207896, -96.7510269)
3,(38.89669899999999, -94.596058)
3,(37.7565233, -97.3586212)
3,(39.6214623, -104.82564510000002)
3,(32.8025464, -96.7648187)
3,(35.7072337, -105.8981446)
3,(35.13079700000001, -106.644797)
3,(35.1121899, -106.6813317)
3,(46.8795767, -103.1921621)
3,(39.990353400000004, -105.0954485)
3,(34.77069139999999, -92.3689624)
3,(39.70469750000001, -104.8875807)
3,(36.897431, -94.863897)
3,(35.563141, -105.869438)
3,(35.89719, -106.298308)
3,(39.989926100000005, -105.1273099)
3,(30.605394900000004, -96.3158265)
3,(29.983020500000002, -95.5416942)
3,(30.3854221, -94.7174062)
3,(40.02633920000001, -105.2894312)
3,(39.729934, -104.94918)
3,(39.681788700000006, -104.90592490000002)
3,(39.9920436, -105.229242)
3,(36.2122727, -94.1232493)
3,(39.9874589, -105.2426736)
3,(35.0845378, -106.6392508)
3,(39.6716275, -104.9525694)
3,(40.0009311, -105.272156)
