0,(18.2341357, -66.0016296)
0,(18.356816600000002, -66.0474618)
0,(18.388598100000003, -66.0115733)
0,(18.3644255, -66.1551025)
0,(18.351291899999996, -66.08610360000002)
0,(18.284799899999996, -67.1368128)
1,(21.425584, -157.80184)
1,(19.202572000000004, -155.4774719)
1,(21.3782369, -157.9334136)
1,(21.3064891, -157.8479008)
1,(21.437771, -158.186601)
1,(21.881829099999997, -159.4676973)
1,(21.3182227, -157.8595222)
1,(21.2853327, -157.836007)
1,(21.3784735, -157.7525149)
1,(21.3066374, -157.8349914)
1,(21.4002703, -157.9664236)
1,(21.302026, -157.833858)
1,(21.344117000000004, -157.9116558)
1,(20.716804, -156.4408337)
1,(21.291800099999996, -157.8481112)
1,(19.853702799999997, -155.6568861)
1,(22.088139100000003, -159.3379818)
1,(21.3052227, -157.8108034)
1,(21.306037200000002, -157.8478164)
1,(21.435964100000003, -158.1848755)
1,(21.347027900000004, -157.8554)
1,(19.721412300000004, -155.0911756)
1,(19.4271146, -155.9123088)
1,(21.319538, -157.796433)
1,(21.3637231, -157.8427053)
1,(19.680953, -155.097782)
1,(21.4396239, -158.187813)
1,(21.285326000000005, -157.760762)
1,(20.7644275, -156.4450063)
1,(21.9811111, -159.3711111)
1,(21.409188500000003, -157.7718575)
1,(20.7105865, -156.4371877)
1,(21.3059576, -157.8410442)
1,(21.4226575, -157.75180930000002)
1,(21.4006075, -157.7834234)
1,(21.3399566, -157.8469734)
1,(21.325450800000002, -157.8811783)
1,(21.308965, -157.8434197)
1,(21.312267, -157.8594231)
1,(21.340177, -157.832274)
2,(35.108342, -80.815413)
2,(26.278592999999997, -81.734871)
2,(33.4921213, -88.4221859)
2,(33.76961949999999, -84.3169994)
2,(27.043943299999995, -82.3901707)
2,(36.064045, -80.0138461)
2,(33.5151431, -82.1215561)
2,(36.015673500000005, -82.1587351)
2,(32.618781000000006, -85.483333)
2,(25.882329800000004, -80.1230073)
2,(27.9896267, -81.9607385)
2,(31.707986000000002, -83.270013)
2,(26.918459399999996, -80.0921238)
2,(33.839793799999995, -84.4199589)
2,(31.081267300000004, -89.0545191)
2,(32.7307211, -79.9753228)
2,(36.495575, -80.048686)
2,(33.796499, -84.3386794)
2,(35.6894967, -78.74756220000002)
2,(25.7512763, -80.3442887)
2,(33.3816948, -84.7255925)
2,(30.438778400000004, -91.0934387)
2,(30.354675799999995, -81.4886346)
2,(34.5114883, -83.5271166)
2,(31.046082399999996, -83.8106632)
2,(25.963671, -80.316283)
2,(33.0120965, -80.034253)
2,(29.682497399999995, -90.9910998)
2,(28.178081700000003, -82.633032)
2,(32.8344344, -83.6481626)
2,(35.62765530000001, -80.8928477)
2,(32.4475569, -84.9330551)
2,(28.954075499999995, -81.9338375)
2,(25.739263, -80.2480194)
2,(28.0259382, -82.3673234)
2,(36.23311199999999, -83.251415)
2,(28.666643200000003, -81.3192089)
2,(26.108629, -80.1430757)
2,(34.0361279, -84.75277)
2,(35.9820074, -87.1213953)
2,(27.338266, -82.588466)
2,(26.362820399999997, -80.1924314)
2,(36.60916400000001, -82.109014)
2,(36.34796300000001, -82.3694093)
2,(33.46265989999999, -88.8210443)
2,(33.3032114, -79.2947508)
2,(35.621247, -87.0848993)
2,(26.1015018, -80.1303495)
2,(28.1765682, -82.5299938)
2,(35.8872999, -80.546401)
2,(36.39980979999999, -81.4968873)
2,(33.816742, -84.3364414)
2,(32.3630585, -90.1475822)
2,(35.914149, -83.9881979)
2,(26.619432799999995, -80.1804445)
2,(35.277678, -82.522908)
2,(28.6383504, -81.1445194)
2,(30.510755, -87.909497)
2,(34.2659554, -85.2361173)
2,(27.043041100000003, -82.2768652)
2,(27.109101, -82.437583)
2,(35.8944382, -79.0666941)
2,(36.1070133, -79.7952353)
2,(28.5809196, -81.3331057)
2,(33.245846699999994, -87.2130622)
2,(27.5436348, -82.3918682)
2,(33.875577, -84.238375)
2,(29.985768399999998, -90.1394828)
2,(33.775371199999995, -84.336273)
2,(35.64662, -81.399167)
2,(27.290746299999995, -82.5355266)
2,(33.7646212, -84.3257555)
2,(30.671814000000005, -81.449886)
2,(27.034764, -81.9744976)
2,(30.6742963, -81.4470934)
2,(25.908596, -80.317931)
2,(26.3111916, -81.8255657)
2,(34.473053, -85.677717)
2,(32.318283, -90.163993)
2,(26.1804281, -80.2235396)
2,(26.9652342, -82.3641898)
2,(25.9982941, -80.1176862)
2,(34.576425, -82.6395405)
2,(32.8496435, -83.6646124)
2,(26.1704312, -80.1011274)
2,(33.9452022, -84.29169)
2,(28.338655999999997, -82.689156)
2,(26.2076241, -80.2584858)
2,(32.3536698, -86.3000124)
2,(25.777856900000003, -80.2776123)
2,(28.090728400000003, -82.5525872)
2,(26.5359831, -80.1167942)
2,(33.299067, -84.80677)
2,(35.23960400000001, -82.723137)
2,(35.509895, -82.514638)
2,(33.7275477, -84.3575249)
2,(26.709692800000003, -80.1235352)
2,(28.3730719, -80.7128052)
2,(26.5075814, -81.9005751)
2,(34.2012488, -77.8973022)
2,(34.044255799999995, -80.968399)
2,(28.045996, -81.74147)
2,(27.893223000000003, -82.832569)
2,(32.8156313, -79.8603347)
2,(33.505238000000006, -86.785567)
2,(36.2043457, -86.6069044)
2,(26.4643057, -80.1413592)
2,(34.9588723, -79.0270788)
2,(34.9489847, -81.9294362)
2,(34.2392153, -77.9257269)
2,(36.0741609, -86.895961)
2,(35.6084351, -82.5459833)
2,(33.914812, -78.223207)
2,(33.9453521, -83.4126397)
2,(35.38301189999999, -80.7556052)
2,(35.738602, -81.338171)
2,(35.10590700000001, -80.7360308)
2,(33.880525, -84.55738200000002)
2,(29.6719634, -82.3950502)
2,(34.6704099, -82.7971729)
2,(29.678190099999995, -82.3791152)
2,(33.761116, -84.32964)
2,(35.110092099999996, -80.8565957)
2,(35.72438470000001, -78.7921867)
2,(33.9896446, -80.9994288)
2,(35.5189335, -82.2186687)
2,(35.8863276, -78.6852759)
2,(31.645442999999993, -89.5553465)
2,(34.2632819, -80.60167100000001)
2,(25.693126000000003, -80.384553)
2,(35.970437700000005, -78.8156254)
2,(34.05322600000001, -81.135739)
2,(34.698569, -76.802871)
2,(26.36, -80.08000000000001)
2,(35.184787, -80.850982)
2,(35.48845, -80.84363200000001)
2,(35.20422799999999, -82.749532)
2,(35.931825, -79.01942400000001)
2,(36.1296114, -84.0598244)
2,(26.335345999999998, -80.0745139)
2,(34.8595216, -82.3904489)
2,(26.364082300000003, -80.1134872)
2,(33.4610505, -86.7834955)
2,(26.910583, -80.0888949)
2,(26.2545752, -80.1838354)
2,(36.0724367, -79.820593)
2,(32.2043546, -82.321791)
2,(28.083702, -82.6986469)
2,(35.4278686, -79.1079104)
2,(30.2032076, -81.6104281)
2,(35.612982, -82.350726)
2,(27.320759100000004, -82.5704895)
2,(30.401868800000003, -90.107503)
2,(29.184108900000002, -82.2447217)
2,(29.2406736, -81.0553029)
2,(26.247687, -81.8041889)
2,(36.1545766, -80.3660074)
2,(33.5343134, -81.7304674)
2,(34.864487, -82.3519262)
2,(34.2108781, -77.902809)
2,(34.1086188, -84.36894570000001)
2,(29.260213099999998, -81.1027855)
2,(25.8606854, -80.1744113)
2,(32.5856204, -83.7135971)
2,(34.06651860000001, -84.1069087)
2,(33.9413423, -83.3911179)
2,(35.8865261, -79.0368979)
2,(30.51326700000001, -87.909969)
2,(26.9039718, -80.2214515)
2,(28.298135600000002, -80.61097920000002)
2,(26.355678, -80.196591)
2,(33.9, -84.47)
2,(32.7799942, -79.9429818)
2,(36.1324626, -79.8247233)
2,(35.6079632, -82.5543337)
2,(28.4095094, -81.4518047)
2,(33.51720619999999, -84.3130934)
2,(28.5618084, -81.4734044)
2,(35.9824536, -78.8364928)
2,(30.591762, -84.5720508)
2,(30.46397, -87.175143)
2,(36.0696557, -79.8237327)
2,(27.865615999999996, -82.746509)
2,(33.8089681, -84.33229)
2,(28.063116999999995, -82.49961460000002)
2,(34.3875978, -88.589078)
2,(32.454569400000004, -90.1392173)
2,(35.2774439, -80.6851938)
2,(34.2968643, -88.71723010000001)
2,(26.455943, -80.1441436)
2,(35.0422684, -85.3492859)
2,(27.921132800000006, -82.7695403)
2,(30.381976799999997, -86.3244668)
2,(27.7632387, -82.7288467)
2,(35.2359044, -80.89222350000001)
2,(26.5178385, -80.13532220000002)
2,(27.325835100000006, -82.4806363)
2,(35.78820389999999, -78.6310684)
2,(35.7070544, -78.7543364)
2,(35.9112212, -79.1183432)
2,(35.695019, -84.2670462)
2,(37.1466017, -81.5118213)
2,(35.792729, -81.330101)
2,(36.07500170000001, -80.2809431)
2,(29.6644841, -82.3607772)
2,(34.950779999999995, -82.4356169)
2,(29.938887699999995, -81.3070657)
2,(33.8421844, -84.2157635)
2,(27.9910384, -81.9416874)
2,(28.8824135, -82.6303741)
2,(32.79398179999999, -80.016949)
2,(27.5992913, -80.418045)
2,(25.89398, -80.133553)
2,(30.434030400000008, -84.2680165)
2,(29.665668199999995, -82.37464650000001)
2,(35.614766, -82.418024)
2,(28.040796000000004, -80.690687)
2,(27.002171399999998, -82.3666485)
2,(27.917633699999996, -82.4568595)
2,(28.091846, -80.695103)
2,(29.320452900000003, -81.0536928)
2,(35.0747425, -80.8488543)
2,(26.8816862, -80.0565149)
2,(27.3376298, -82.5424398)
2,(36.0871177, -79.5217529)
2,(27.843885700000005, -82.789994)
2,(25.8170095, -80.2960059)
2,(33.7856841, -84.37888920000002)
2,(35.9498166, -79.0531205)
2,(35.8312576, -78.5601875)
2,(28.728826, -81.794511)
2,(29.080759000000004, -81.0490462)
2,(36.0104128, -78.9137195)
2,(32.600611, -80.119074)
2,(26.020949900000005, -80.367611)
2,(33.41794, -84.7733587)
2,(26.537473499999997, -81.90590060000001)
2,(27.4781288, -82.6019086)
2,(35.701458, -82.527753)
2,(26.121813, -80.268619)
2,(35.2686004, -81.0400934)
2,(36.08087309999999, -79.0987876)
2,(27.9523208, -81.9633957)
2,(32.941986, -80.222754)
2,(35.931815099999994, -83.9175282)
2,(31.074317000000004, -81.40369100000001)
2,(34.1697077, -77.85233350000001)
2,(35.921175, -78.997032)
2,(27.492619999999995, -81.441446)
2,(36.668262, -79.8436969)
2,(33.906679600000004, -84.3431349)
2,(35.34216849999999, -82.4478719)
2,(34.4167115, -83.4180028)
2,(35.7348208, -78.7575207)
2,(35.566384, -82.59587860000002)
2,(27.3141458, -82.5374206)
2,(30.103571600000002, -81.7183427)
2,(35.95981200000001, -78.939257)
2,(33.933929899999995, -78.226105)
2,(35.9070656, -79.006399)
2,(27.7276132, -82.6262577)
2,(27.4629984, -82.5237665)
2,(25.6831069, -80.3782253)
2,(32.82439740000001, -79.8100625)
2,(25.7653565, -80.3371357)
2,(26.6800441, -80.2655881)
2,(32.4268048, -87.0270941)
2,(27.395486000000002, -82.507292)
2,(26.536902300000005, -81.915515)
2,(34.02544090000001, -84.2144619)
2,(36.1007024, -86.7319048)
2,(35.927385400000006, -79.0786799)
2,(29.670445000000008, -82.344807)
2,(34.646183099999995, -79.6653224)
2,(27.8205697, -82.7948093)
2,(28.587460899999996, -80.8234445)
2,(36.949244, -80.036819)
2,(25.6305026, -80.3095862)
2,(26.404148500000005, -81.8137196)
2,(30.436512199999996, -91.0959185)
2,(26.450626, -80.163922)
2,(27.990343, -82.725278)
2,(27.7455812, -80.3950212)
2,(30.457230599999995, -84.2835037)
2,(27.7575772, -82.7397545)
2,(26.8660838, -80.0542738)
2,(34.80697390000001, -82.914591)
2,(36.1197578, -80.2665329)
2,(27.1925174, -80.2500301)
2,(30.385769, -91.113908)
2,(26.292320299999997, -80.0815682)
2,(29.160807000000002, -81.0289123)
2,(29.658302599999995, -81.5984139)
2,(26.1623855, -81.7910587)
2,(35.125653, -80.846997)
2,(34.44603299999999, -78.005568)
2,(35.362035, -82.55731)
2,(35.9, -78.75)
2,(33.8400623, -84.3588298)
2,(27.439436, -81.403876)
2,(36.0420466, -79.12781560000002)
2,(32.1528231, -80.7470694)
2,(29.5433007, -81.2322245)
2,(26.980667799999996, -82.1017143)
2,(26.2471283, -80.09661550000001)
2,(30.5394767, -89.6257911)
2,(33.9645234, -84.4170405)
2,(32.317234899999995, -90.835023)
2,(33.78359189999999, -84.3209272)
2,(29.9219578, -89.9941276)
2,(24.9803204, -80.5544737)
2,(34.8175061, -87.5275756)
2,(27.419014900000004, -82.4779091)
2,(34.6605282, -86.0227464)
2,(26.2627204, -81.808782)
2,(34.1291488, -83.8457043)
2,(31.1636669, -81.3770355)
2,(35.81195610000001, -79.0699115)
2,(34.9300844, -83.6489263)
2,(35.40725020000001, -86.1084292)
2,(35.9264167, -78.6701264)
2,(26.698597699999997, -80.0509455)
2,(30.396299000000003, -86.951955)
2,(26.512141999999997, -80.096167)
2,(33.399807, -86.82215700000002)
2,(35.1678427, -80.7790427)
2,(35.4282675, -83.1710516)
2,(35.9464916, -84.0147594)
2,(35.1662678, -79.3931885)
2,(35.971863, -84.984025)
2,(36.127159600000006, -78.8626567)
2,(31.943672, -81.058206)
2,(34.0292341, -84.4354618)
2,(35.82649810000001, -82.5492999)
2,(28.6737502, -81.4154448)
2,(35.57908700000001, -82.531758)
2,(27.789514799999996, -82.6427808)
2,(34.9022206, -82.30550210000001)
2,(35.8776106, -86.3861647)
2,(29.6737642, -82.3918371)
2,(28.061048900000003, -82.4335992)
2,(33.83607189999999, -78.646224)
2,(26.041911, -80.182114)
2,(30.386563299999995, -81.5088297)
2,(35.8902419, -79.0746486)
2,(36.0252489, -86.7202)
2,(35.9082513, -79.0692996)
2,(35.9812942, -85.1984715)
2,(28.799346400000005, -81.88751450000001)
2,(27.0756579, -82.3725687)
2,(26.4413165, -82.0637702)
2,(27.7429675, -82.7203645)
2,(26.1533288, -81.7980835)
2,(26.331562199999997, -80.1344862)
2,(26.343423699999995, -81.8135076)
2,(35.225713, -80.7987467)
2,(34.61107340000001, -83.5309769)
2,(26.503108000000005, -81.9166122)
2,(35.2110891, -80.7661779)
2,(30.425704999999994, -91.170043)
2,(32.8216115, -79.8193887)
2,(29.63222550000001, -82.3374022)
2,(35.8280294, -78.9109341)
2,(33.02700800000001, -85.045596)
2,(33.8636837, -84.2568779)
2,(35.94629280000001, -79.1145095)
2,(31.225488999999996, -81.3836199)
2,(32.7814405, -79.8024816)
2,(32.633803, -84.94888)
2,(30.416123, -84.251244)
2,(33.4725899, -86.744141)
2,(30.236453199999993, -81.3837277)
2,(36.16670100000001, -86.504414)
2,(34.9540241, -81.0314412)
2,(33.776711, -84.2004487)
2,(32.56317190000001, -83.6944174)
2,(25.659566099999996, -80.3460868)
2,(35.6178951, -82.3212302)
2,(35.66647830000001, -80.58399100000001)
2,(26.816640000000003, -80.1450666)
2,(25.7218913, -80.25381840000001)
2,(36.0855, -84.223855)
2,(33.475484, -86.800652)
2,(36.0528544, -86.9572396)
2,(33.9976903, -80.9703495)
2,(30.014895000000003, -90.109975)
2,(37.0845, -80.4859)
2,(32.4245017, -85.7136758)
2,(35.9653733, -79.0404196)
2,(34.8546291, -82.3292834)
2,(29.253985199999995, -81.102441)
2,(35.61652999999999, -80.56507)
2,(28.121942999999998, -80.581177)
2,(26.378110800000005, -80.1235317)
2,(32.3521802, -90.1616236)
2,(36.0170172, -78.9340891)
2,(26.5262459, -81.91025830000001)
2,(25.8090946, -80.1863234)
2,(33.83983250000001, -84.1448118)
2,(33.7913307, -84.3081179)
2,(35.3445101, -82.4482122)
2,(26.165016, -81.70526200000002)
2,(33.8627145, -84.0297539)
2,(26.5200198, -81.998696)
2,(30.375713499999996, -81.51532640000002)
2,(29.6547183, -82.3542684)
2,(34.328202999999995, -83.885665)
2,(35.0571456, -89.375901)
2,(36.0261971, -86.8331008)
2,(26.7900131, -82.0447887)
2,(26.062091999999996, -81.703093)
2,(26.5178858, -81.9972074)
2,(33.9872998, -84.4282091)
2,(29.917027100000002, -92.0397124)
2,(36.0145366, -78.9685642)
2,(26.3396891, -81.7846973)
2,(35.692395, -82.535272)
2,(27.315466899999997, -80.3079863)
2,(27.986371400000003, -82.74400720000001)
2,(33.7885102, -84.1082534)
2,(27.8751048, -82.2749486)
2,(36.0042401, -84.9040086)
2,(25.7059596, -80.2516038)
2,(35.994531, -80.431627)
2,(30.631176000000004, -87.871286)
2,(30.410934200000003, -86.9123217)
2,(32.079528, -81.0900806)
2,(35.881722800000006, -78.6765198)
2,(33.9569707, -80.9021104)
2,(28.112719700000003, -82.5606269)
2,(25.795659100000005, -80.2164802)
2,(35.860087, -84.382364)
2,(30.240000000000002, -81.39)
2,(35.50541599999999, -82.5105834)
2,(27.7872243, -82.7480019)
2,(26.708420899999997, -81.89368420000001)
2,(26.0443807, -80.3466206)
2,(34.9047455, -80.7614312)
2,(33.5265213, -84.3300012)
2,(36.1803503, -86.5844811)
2,(33.990825, -83.489419)
2,(26.002320900000004, -80.117422)
2,(28.158835, -82.7840673)
2,(27.2683814, -80.4311743)
2,(29.025277600000003, -81.296651)
2,(26.109731900000003, -80.1351238)
2,(36.01774, -79.974974)
2,(34.08210940000001, -84.284447)
2,(27.3486782, -82.5484507)
2,(35.6012707, -82.5494241)
2,(26.041785200000003, -80.1956079)
2,(28.3230807, -80.6853259)
2,(26.006867800000002, -80.2302225)
2,(30.021286500000002, -90.218997)
2,(29.072200000000002, -81.322078)
2,(26.3048421, -80.2278991)
2,(27.3188561, -82.4952119)
2,(26.026309, -80.19474250000002)
2,(27.3326539, -82.54157150000002)
2,(27.945548, -82.809386)
2,(29.582689500000004, -90.7440296)
2,(35.095098, -77.0950933)
2,(33.671262999999996, -84.396322)
2,(26.1419027, -80.2615878)
2,(28.6832207, -81.3714386)
2,(32.149504400000005, -80.7624173)
2,(30.155903199999997, -85.6627702)
2,(33.4691339, -84.469751)
2,(33.4568039, -86.799273)
2,(28.9808195, -81.2333936)
2,(35.9284311, -78.7891983)
2,(27.481806, -82.57874)
2,(34.68, -82.84)
2,(28.049250000000004, -80.6148498)
2,(35.41228, -81.951151)
2,(30.842377, -81.573101)
2,(28.942031000000004, -81.976982)
2,(36.1013006, -80.3139918)
2,(36.02855790000001, -84.214484)
2,(26.169728300000003, -80.1643866)
2,(30.699999999999992, -88.04)
2,(35.63146660000001, -82.5746047)
2,(35.600866, -83.032224)
2,(26.4717962, -81.9545132)
2,(35.9739923, -78.9504573)
2,(29.132816, -80.958266)
2,(30.0009529, -90.1178325)
2,(27.9179474, -82.7697083)
2,(29.657632199999995, -82.3242674)
2,(26.6273882, -81.9719923)
2,(35.7491458, -81.3460145)
2,(30.475155899999997, -84.2782167)
2,(25.737768199999998, -80.2628894)
2,(36.1530604, -86.5936534)
2,(33.51502, -86.76830400000001)
2,(35.7311407, -78.778455)
2,(35.889733, -79.049434)
2,(36.0826734, -79.526628)
2,(32.062867000000004, -82.908148)
2,(25.675274, -80.317897)
2,(33.505739999999996, -86.759613)
2,(33.84257900000001, -84.171801)
2,(35.9580671, -79.0556567)
2,(33.7757203, -89.8318758)
2,(31.933859, -81.07209)
2,(35.065728, -85.571831)
2,(25.71144, -80.339999)
2,(28.682249299999995, -81.338682)
2,(34.115157700000005, -80.9248515)
2,(33.876487499999996, -84.1319474)
2,(35.9665279, -79.105706)
2,(31.79480630000001, -85.9065109)
2,(35.255664700000004, -80.936961)
2,(33.77692100000001, -84.2284184)
2,(35.8540817, -78.6822267)
2,(26.612276600000005, -80.0385171)
2,(29.9292992, -90.1212053)
2,(27.8415508, -80.5158718)
2,(33.93130599999999, -83.3390535)
2,(33.814715, -84.3821078)
2,(26.621386, -80.0386528)
2,(26.505424, -81.9169982)
2,(35.465603, -82.599106)
2,(34.37802, -83.8701532)
2,(34.8426643, -82.2593059)
2,(32.4242215, -80.7724157)
2,(30.5106359, -91.5307606)
2,(33.8203867, -84.3369479)
2,(35.208888, -80.786125)
2,(32.423359, -81.76525)
2,(25.995151, -80.329174)
2,(33.85056999999999, -84.24033400000002)
2,(36.178049, -86.790287)
2,(26.3477847, -80.1415021)
2,(34.45304649999999, -81.8777675)
2,(34.7451553, -80.1828414)
2,(30.6734588, -81.4497974)
2,(26.63, -81.95)
2,(26.3777471, -80.1351076)
2,(34.088776200000005, -80.8858994)
2,(35.465236, -86.07637300000002)
2,(34.95559, -81.157126)
2,(31.279077000000008, -89.43855400000001)
2,(35.647418, -82.5876229)
2,(27.545113600000004, -82.4791132)
2,(28.0008319, -82.8273838)
2,(33.8777675, -84.2653643)
2,(35.8243113, -84.3468198)
2,(29.8341026, -81.3125922)
2,(30.597333099999997, -81.55722940000001)
2,(32.88938000000001, -79.786499)
2,(34.8095263, -82.246043)
2,(33.72447150000001, -84.5078973)
2,(35.82182300000001, -78.68906)
2,(29.7578721, -91.4307158)
2,(35.642849, -82.575663)
2,(33.9658313, -84.5517156)
2,(34.0646633, -84.3709304)
2,(26.30489, -80.133778)
2,(26.535362999999997, -81.936679)
2,(34.1938411, -85.188673)
2,(24.8240255, -80.8136783)
2,(27.2873757, -80.4071457)
2,(33.547212, -81.720253)
2,(35.082661, -76.9558519)
2,(33.4400633, -88.8064503)
2,(35.1173851, -83.4395994)
2,(26.3629968, -80.1404592)
2,(30.535649700000004, -84.2142252)
2,(27.3006291, -82.5530511)
2,(34.1539115, -80.8669298)
2,(33.4739207, -86.7864456)
2,(35.775214, -78.719194)
2,(28.804998200000004, -81.8619043)
2,(27.1383258, -82.4724545)
2,(26.353415400000003, -81.8015627)
2,(34.8652503, -87.6285497)
2,(33.5443023, -82.0561816)
2,(30.436007600000003, -88.8956386)
2,(34.7159283, -86.7566597)
2,(32.60020500000001, -85.471634)
2,(26.136265999999996, -81.748765)
2,(32.7987382, -79.881612)
2,(33.8179432, -79.4492228)
2,(33.9151182, -83.9584443)
2,(34.0201774, -84.215391)
2,(30.4908838, -84.2508365)
2,(27.3311356, -82.4988762)
2,(34.7521551, -82.3455189)
2,(26.537565400000002, -81.8827271)
2,(35.94616200000001, -79.0189853)
2,(26.1267797, -80.2858256)
2,(32.8943224, -79.7948978)
2,(25.7715383, -80.4097523)
2,(36.07849410000001, -79.1023145)
2,(30.3989462, -84.2166521)
2,(30.378411, -90.06875000000001)
2,(28.0433769, -82.7525463)
2,(27.020022200000003, -82.0675904)
2,(36.294769, -81.99617)
2,(29.6815203, -82.37997870000001)
2,(36.08735, -86.82066)
2,(36.6038518, -79.4042221)
2,(27.449443000000002, -82.596638)
2,(28.4699507, -82.5989819)
2,(35.8433897, -78.4442503)
2,(32.7898645, -79.9297411)
2,(29.2617695, -81.0501099)
2,(26.7911258, -80.2057834)
2,(27.875084599999997, -81.8296669)
2,(34.2168324, -77.911954)
2,(35.960654, -79.05081)
2,(30.683342000000003, -88.095007)
2,(33.5296461, -82.07694100000002)
2,(28.005115800000002, -82.0276984)
2,(33.930467, -83.45303190000001)
2,(26.4279845, -82.094023)
2,(34.4795679, -86.2059444)
2,(36.233918, -79.180486)
2,(35.16471000000001, -84.86793800000001)
2,(34.79748, -82.257018)
2,(33.996112, -81.0274276)
2,(26.5421077, -80.0451604)
2,(34.3577918, -89.5173451)
2,(34.8500801, -82.22304750000002)
2,(36.01093209999999, -78.8889567)
2,(34.5788038, -86.94337740000002)
2,(27.2510094, -82.4660116)
2,(33.5568649, -84.3757903)
2,(34.006209, -84.2036849)
2,(34.37203, -89.4471317)
2,(33.1256812, -80.0930912)
2,(28.420699199999998, -81.2378349)
2,(28.971281, -81.9997274)
2,(28.696623000000002, -82.5258756)
2,(30.20456, -81.6370611)
2,(32.6158805, -85.4586336)
2,(27.435926799999997, -80.3404366)
2,(29.607266699999997, -82.3596504)
2,(32.339415200000005, -86.2493941)
2,(26.736663, -80.07766720000001)
2,(34.5691389, -85.62652030000001)
2,(34.7161376, -76.6558867)
2,(26.119336, -81.77663)
2,(27.886161000000005, -80.522383)
2,(28.155467100000003, -80.686351)
2,(28.724248, -81.778325)
2,(25.900434, -80.1464768)
2,(35.9499696, -80.3309193)
2,(33.9544423, -84.4074404)
2,(36.0256619, -83.891325)
2,(35.8834481, -78.675546)
2,(30.310506, -81.678172)
2,(29.1640753, -82.1148682)
2,(35.400726999999996, -85.68566)
2,(29.0258041, -81.3275137)
2,(25.7747557, -80.3355094)
2,(33.766871, -84.2907705)
2,(27.053695299999998, -82.3872474)
2,(36.02223339999999, -79.9267978)
2,(33.432143, -84.27301)
2,(35.996535, -84.002216)
2,(33.925743000000004, -84.376914)
2,(29.6362293, -82.4347743)
2,(28.057103000000005, -82.6392609)
2,(32.2511756, -80.70676980000002)
2,(33.8678797, -84.509709)
2,(26.605670000000003, -80.07115520000002)
2,(30.4415357, -84.2680519)
2,(25.945699199999996, -80.1453217)
2,(28.07, -82.49)
2,(29.953144199999997, -90.1190247)
2,(32.8479882, -83.6642333)
2,(30.4537083, -88.6283519)
2,(26.556331700000005, -81.8951473)
2,(36.19050769999999, -86.6177515)
2,(27.5202005, -82.5550229)
2,(28.967758, -82.470653)
2,(28.8970291, -81.2243175)
2,(33.9551998, -84.5122329)
2,(33.668086800000005, -84.3122347)
2,(31.6403945, -81.89836020000001)
2,(32.27605, -80.973635)
2,(33.7462978, -85.2773117)
2,(25.858483, -80.1917223)
2,(34.020224000000006, -84.643945)
2,(35.9737738, -78.9483332)
2,(29.0066633, -80.8857292)
2,(27.553523400000003, -82.4805075)
2,(31.9620629, -81.1270435)
2,(26.3415399, -80.16244)
2,(35.92215240000001, -79.0699136)
2,(36.0454028, -78.9372922)
2,(36.03798290000001, -84.246771)
2,(26.533690399999998, -80.1579366)
2,(28.993646, -81.316013)
2,(33.9486222, -84.6847846)
2,(27.993004399999997, -80.5221749)
2,(25.949948999999997, -80.195928)
2,(28.928170300000005, -81.9667677)
2,(27.745862600000002, -81.5306313)
2,(29.953728199999997, -90.1152363)
2,(32.8219161, -79.8269948)
2,(32.3615351, -90.1321872)
2,(35.909999899999995, -79.06)
2,(29.219866, -82.09039)
2,(35.0787653, -77.1441537)
2,(31.7003537, -81.9217148)
2,(26.7490152, -82.2616717)
2,(25.4449219, -80.520214)
2,(34.716316, -86.6254285)
2,(27.1287645, -82.4629444)
2,(33.780439, -84.38523930000001)
2,(34.797079000000004, -82.2593594)
2,(34.1253854, -80.8167788)
2,(30.381350800000003, -81.6507511)
2,(37.4396459, -81.5753716)
2,(33.831242499999995, -84.3178294)
2,(35.1279887, -80.6925708)
2,(33.4185149, -86.8499377)
2,(36.0053849, -84.304969)
