4,(38.677499499999996, -122.8823114)
4,(37.7419168, -122.461357)
4,(37.9633054, -122.5627272)
4,(37.956395799999996, -122.32093709999998)
4,(37.8970782, -122.53659960000002)
4,(37.360194, -122.02917070000001)
4,(33.727257400000006, -118.2937688)
4,(38.02131180000001, -121.0838313)
4,(32.2098719, -110.8805777)
4,(34.0079429, -118.4348539)
4,(33.39951440000001, -117.2401486)
4,(37.995937, -121.25127900000001)
4,(37.722807, -122.463408)
4,(35.290618, -120.676687)
4,(33.9518521, -117.99022190000001)
4,(34.1871623, -118.3422798)
4,(38.111883, -122.23514800000001)
4,(32.289544, -110.874406)
4,(37.958331, -121.97991599999999)
4,(32.7400985, -117.13277450000001)
4,(34.14999999999999, -118.00000000000001)
4,(37.4469472, -122.12433660000002)
4,(37.7626742, -122.39666589999999)
4,(37.417757, -122.120183)
4,(33.7902604, -118.3401144)
4,(37.017601, -121.89162599999999)
4,(37.279658, -121.85697100000002)
4,(37.0173912, -121.5859502)
4,(33.6492103, -117.81572130000002)
4,(37.6459444, -122.4869616)
4,(39.2409168, -121.0607045)
4,(33.583818, -112.246911)
4,(32.2099869, -110.8609439)
4,(34.2856951, -118.6129438)
4,(34.0109519, -118.3936707)
4,(34.07974, -118.49336220000002)
4,(33.2222467, -111.827187)
4,(37.8881151, -122.2699534)
4,(34.1420319, -118.14410689999998)
4,(33.143495, -117.04560200000002)
4,(37.8828629, -122.247505)
4,(37.550158, -122.279105)
4,(33.81509799999999, -118.381585)
4,(33.158136, -117.3227518)
4,(38.2760493, -122.2966918)
4,(33.848297800000005, -116.53753100000002)
4,(34.0635076, -117.1583289)
4,(37.41031, -122.1028827)
4,(35.24307999999999, -112.197403)
4,(39.374293800000004, -119.8244424)
4,(33.5072155, -112.19312)
4,(38.013374899999995, -122.56820040000001)
4,(33.04867399999999, -117.0502841)
4,(34.21620690000001, -118.64191579999999)
4,(37.905895, -122.5425224)
4,(33.553147900000006, -111.8929284)
4,(36.58199, -121.86448100000001)
4,(34.136468, -118.409005)
4,(39.7675005, -121.8278742)
4,(36.999806, -121.95714220000002)
4,(37.8619997, -122.22426660000002)
4,(37.79061659999999, -122.27758920000001)
4,(35.1725943, -120.6995285)
4,(34.28159719999999, -119.19742949999998)
4,(37.9096467, -122.1822427)
4,(37.3706508, -121.84134090000002)
4,(33.685047399999995, -112.3676996)
4,(37.3871151, -122.2264493)
4,(33.7911438, -118.0942957)
4,(34.15066600000001, -118.37807130000002)
4,(37.3726283, -121.80697380000001)
4,(37.826332900000004, -122.25112370000001)
4,(37.8969781, -122.2727281)
4,(40.58956380000001, -111.8238522)
4,(37.8400931, -122.23352090000002)
4,(37.902592, -122.293135)
4,(37.861152, -122.23762620000001)
4,(37.2534647, -121.98761850000001)
4,(32.8689328, -117.223184)
4,(34.01556399999999, -117.9908398)
4,(37.7234234, -121.7298902)
4,(36.954797000000006, -121.97547410000001)
4,(34.4253678, -119.62923159999998)
4,(34.22534060000001, -118.88395519999999)
4,(34.0999339, -117.7250572)
4,(41.241796, -111.7204163)
4,(33.8738473, -117.2934848)
4,(34.1950912, -118.5510818)
4,(37.8493567, -122.25985200000001)
4,(33.7457053, -118.37382920000002)
4,(33.6497236, -116.2725207)
4,(37.3926336, -121.80748950000002)
4,(32.7685568, -117.1246692)
4,(33.5381084, -111.9556862)
4,(38.02000000000001, -122.55000000000001)
4,(37.7713333, -122.2333309)
4,(33.7888381, -118.3340477)
4,(33.6235122, -117.6448513)
4,(34.578116, -118.0325693)
4,(37.255811400000006, -122.0399853)
4,(36.509199, -121.757045)
4,(34.0675837, -118.45503309999998)
4,(37.2259728, -121.9643035)
4,(38.5709087, -121.46242389999999)
4,(34.17378990000001, -118.52994)
4,(33.652273900000004, -117.83229500000002)
4,(33.58342369999999, -111.9201311)
4,(37.4608528, -122.27344379999998)
4,(37.3898708, -121.81730040000001)
4,(37.3169452, -121.99126079999999)
4,(37.7122428, -122.13118380000002)
4,(34.6003489, -120.1404065)
4,(38.454044200000006, -122.71127819999998)
4,(37.78219790000001, -122.22027700000001)
4,(33.750592, -111.8459034)
4,(34.4113805, -118.4870293)
4,(37.77208310000001, -122.43667920000001)
4,(37.9004629, -122.09458000000001)
4,(34.0614031, -118.4064428)
4,(37.7702663, -111.602119)
4,(34.1147657, -118.262734)
4,(33.7597653, -118.39025769999999)
4,(32.927421, -117.13543750000001)
4,(33.726234000000005, -116.255972)
4,(33.551724, -111.9704231)
4,(33.6677961, -117.8126034)
4,(37.74461, -122.45133600000001)
4,(37.75758369999999, -122.4165162)
4,(33.5239931, -117.6245171)
4,(34.1627694, -118.76614249999999)
4,(38.6844198, -122.4693688)
4,(35.6409755, -117.67516710000001)
4,(37.4093234, -122.1031968)
4,(34.1332979, -118.2397298)
4,(34.056358800000005, -118.4145695)
4,(33.804466, -116.513765)
4,(37.88735230000001, -122.2497935)
4,(36.9748005, -121.95714140000001)
4,(33.94243, -117.93492)
4,(37.852994, -122.490433)
4,(37.80781120000001, -122.2557781)
4,(37.8424107, -122.2458671)
4,(37.8938047, -122.4760492)
4,(37.820514, -122.242168)
4,(38.16007580000001, -122.2567998)
4,(34.246453, -118.5079448)
4,(36.3516359, -119.42254400000002)
4,(33.7640648, -118.1202739)
4,(37.6469523, -122.0360957)
4,(33.7957002, -117.84199840000001)
4,(33.533437, -112.039225)
4,(34.1026129, -117.72059920000001)
4,(39.5481594, -119.8621469)
4,(36.6118149, -121.9188588)
4,(40.669278, -111.857309)
4,(34.8568808, -120.42537460000001)
4,(33.5752379, -112.033872)
4,(39.521474999999995, -119.8283742)
4,(34.2175993, -118.89827740000001)
4,(34.0733606, -118.0864201)
4,(34.15530410000001, -118.0098847)
4,(37.0565939, -120.84876019999999)
4,(38.1051379, -122.580924)
4,(33.6587034, -117.864691)
4,(37.580167, -122.3386373)
4,(33.7713878, -118.14989679999998)
4,(40.73745319999999, -111.6040191)
4,(39.46603900000001, -123.769233)
4,(37.3718902, -122.07454580000001)
4,(37.6842276, -122.12188520000001)
4,(33.821014999999996, -117.957718)
4,(37.886597, -122.2768648)
4,(33.127918, -117.194393)
4,(37.8277339, -122.20850220000001)
4,(37.2353707, -121.9820848)
4,(32.172925, -111.105138)
4,(34.1, -118.33)
4,(32.22579790000001, -110.8733808)
4,(33.5387084, -112.0938106)
4,(33.490039, -117.7226807)
4,(33.433803, -117.619282)
4,(33.60512090000001, -117.864093)
4,(39.2232406, -123.7680598)
4,(38.10049380000001, -122.61971820000001)
4,(32.845630699999994, -117.2725782)
4,(37.8328475, -122.2505647)
4,(37.3583097, -122.0885592)
4,(38.074817, -121.210834)
4,(37.67491439999999, -121.73045319999999)
4,(37.7507879, -122.4105751)
4,(35.3740923, -118.9261954)
4,(37.925689, -122.04047599999998)
4,(37.886421, -122.27432700000001)
4,(33.9794248, -118.41007930000002)
4,(33.745861, -116.34538459999999)
4,(34.282777200000005, -118.509838)
4,(38.2382474, -122.04024400000002)
4,(38.434216, -122.20373999999998)
4,(37.4376788, -122.1881617)
4,(36.978040500000006, -122.00705790000002)
4,(37.911621000000004, -122.27493420000002)
4,(37.978026, -121.35489300000002)
4,(37.343377000000004, -121.9939558)
4,(38.4719255, -122.6731262)
4,(34.1851722, -118.62928509999999)
4,(34.0727199, -118.334982)
4,(33.8847298, -117.9194166)
4,(37.42043360000001, -122.16595420000002)
4,(40.165068000000005, -122.245288)
4,(37.3608125, -122.0900236)
4,(33.8776084, -118.2673154)
4,(38.0302576, -122.5530102)
4,(34.86, -111.79)
4,(37.7259291, -122.4237307)
4,(37.7982459, -122.1923349)
4,(33.8366398, -118.063569)
4,(37.7783042, -122.48911099999998)
4,(37.8904566, -122.2496318)
4,(32.3287446, -111.0139309)
4,(33.37588910000001, -111.6626889)
4,(32.3641372, -111.0694048)
4,(38.9532611, -122.7330111)
4,(34.1678192, -118.9091667)
4,(34.43198989999999, -119.69939829999998)
4,(33.9896577, -118.4580952)
4,(32.7777408, -117.17885979999998)
4,(38.5461487, -121.7360815)
4,(37.3610646, -122.10686030000001)
4,(34.15123259999999, -118.3483453)
4,(34.1892695, -118.12419330000002)
4,(33.5356932, -117.77117649999998)
4,(37.7227503, -122.41010549999999)
4,(33.9167392, -117.5888734)
4,(33.051927, -117.274425)
4,(33.9606086, -118.44391539999998)
4,(37.8792042, -122.0331029)
4,(37.34924800000001, -121.99693400000001)
4,(32.7587867, -117.06110739999998)
4,(37.7113522, -122.0745625)
4,(37.3659228, -122.2066886)
4,(34.22523830000001, -118.5666873)
4,(34.0030802, -118.39121950000002)
4,(37.4402842, -122.15381110000001)
4,(37.770067, -122.28556800000001)
4,(34.133341, -117.4691981)
4,(37.774311, -122.44584)
4,(33.5319511, -117.7604366)
4,(38.4586267, -122.64365950000001)
4,(34.2636555, -119.2141694)
4,(33.5464678, -112.0497983)
4,(40.2319212, -111.685761)
4,(33.8814031, -118.06451060000002)
4,(37.61945959999999, -121.75559039999999)
4,(34.86, -120.43999999999998)
4,(33.7320942, -118.02266080000001)
4,(34.13743500000001, -118.17660600000002)
4,(37.869708, -122.06965000000001)
4,(33.3131283, -112.0117871)
4,(32.846927, -117.2665972)
4,(34.0810696, -118.3431883)
4,(37.8042225, -122.4042321)
4,(37.99513199999999, -122.526672)
4,(32.330677, -110.973395)
4,(37.3997233, -122.12090140000001)
4,(38.55513059999999, -121.7464733)
4,(34.0074309, -118.390887)
4,(37.6828225, -122.145455)
4,(31.8942542, -111.0031821)
4,(34.0876072, -118.0379367)
4,(33.790197, -117.91139500000001)
4,(37.7712552, -122.2583289)
4,(36.585304, -121.90731300000002)
4,(33.0169325, -116.9526456)
4,(32.7429195, -117.1494725)
4,(39.7404184, -121.8159909)
4,(34.145795, -118.43206010000002)
4,(37.8627458, -122.1293316)
4,(37.4115582, -122.1342559)
4,(36.35605520000001, -119.2380126)
4,(36.120444, -115.10169)
4,(33.18616349999999, -117.342102)
4,(34.3991094, -119.734056)
4,(37.9027837, -122.2698502)
4,(37.73528650000001, -122.1560696)
4,(32.827276, -117.13583599999998)
4,(34.4488906, -119.7938054)
4,(37.05592, -121.944152)
4,(34.0452233, -118.4743125)
4,(34.0860876, -118.08981620000002)
4,(33.826147, -118.18608500000002)
4,(37.3725967, -122.22103900000002)
4,(37.7966366, -122.398018)
4,(34.14172630000001, -118.7003913)
4,(34.146389, -117.973921)
4,(37.942361000000005, -122.097422)
4,(33.4308766, -111.7478966)
4,(37.8861406, -122.24964460000001)
4,(37.8052943, -122.2639631)
4,(39.245022000000006, -119.9572148)
4,(33.8649075, -117.78027499999999)
4,(34.1668547, -118.1157498)
4,(40.279579, -111.661)
4,(34.4308215, -119.73136730000002)
4,(36.048079, -114.97079600000002)
4,(36.692332500000006, -119.05186)
4,(34.609478700000004, -118.16934240000002)
4,(37.9041753, -122.0534908)
4,(33.7781556, -117.81998749999998)
4,(37.0219291, -113.62406900000002)
4,(33.518273, -117.7604145)
4,(32.937243, -117.25630200000002)
4,(38.008406, -120.26103)
4,(36.6237285, -121.92579970000001)
4,(36.1136062, -115.23935279999999)
4,(40.6699317, -111.9215352)
4,(34.033906, -118.29985490000001)
4,(36.8700803, -119.75352650000002)
4,(36.7794219, -121.710523)
4,(32.9019966, -117.1417495)
4,(37.7187495, -122.43466840000002)
4,(37.770714000000005, -122.43551399999998)
4,(37.3973613, -122.2035424)
4,(33.6747553, -117.84778290000001)
4,(37.3303656, -121.9235847)
4,(37.8973528, -122.26570400000001)
4,(37.8248498, -122.1896451)
4,(34.694176, -111.975502)
4,(34.4373412, -119.89296540000001)
4,(37.2850721, -121.9683856)
4,(37.764051, -122.4507439)
4,(33.86630600000001, -118.03554699999998)
4,(33.1500299, -117.1092726)
4,(37.9604106, -122.05504119999999)
4,(39.0674074, -120.12824390000002)
4,(37.3551086, -121.825888)
4,(37.9889532, -122.5709653)
4,(32.8317747, -117.2502495)
4,(32.802174, -117.0461177)
4,(33.226318000000006, -117.30037599999999)
4,(39.493248, -119.856794)
4,(40.50280990000001, -122.24578800000002)
4,(34.2454187, -118.60952160000001)
4,(33.7649134, -118.1756008)
4,(35.4496997, -120.6361166)
4,(37.7323611, -122.4766948)
4,(32.8349477, -116.9664176)
4,(34.1067535, -117.77371610000002)
4,(32.2461702, -110.8429047)
4,(37.89720690000001, -122.5338612)
4,(37.9367441, -122.0173521)
4,(39.4083092, -123.35965659999998)
4,(37.8270794, -122.2425714)
4,(31.8762678, -111.010745)
4,(37.595243, -120.855654)
4,(37.769583, -122.44486900000001)
4,(33.234906, -117.31023900000001)
4,(39.0059232, -121.0205175)
4,(37.7955303, -122.45656090000001)
4,(37.8597665, -122.2918806)
4,(34.0894214, -118.25644130000002)
4,(37.531943, -122.28975669999998)
4,(37.7319442, -122.47429920000002)
4,(33.956288199999996, -117.3111928)
4,(33.9299555, -117.4050207)
4,(37.7623719, -122.45366210000002)
4,(34.06346129999999, -118.38529109999999)
4,(37.885495000000006, -122.294361)
4,(37.74056169999999, -122.4322775)
4,(33.9852548, -118.38349430000001)
4,(33.85331060000001, -112.1270833)
4,(33.68688, -112.3350367)
4,(34.41798239999999, -119.7005261)
4,(37.7865413, -122.485448)
4,(36.60348, -121.91858790000002)
4,(34.1549676, -118.4547185)
4,(37.4556618, -122.1412179)
4,(34.047355, -118.4648276)
4,(39.7498934, -121.81810259999999)
4,(33.7126144, -111.676034)
4,(32.861958400000006, -117.2450466)
4,(33.640601, -112.3738476)
4,(37.842004, -122.29637520000001)
4,(38.6489305, -121.2358579)
4,(35.153155, -120.575991)
4,(33.058651000000005, -117.294832)
4,(33.9485407, -117.35364490000002)
4,(37.9752709, -122.57292090000001)
4,(37.5244075, -120.83763)
4,(33.8907631, -118.334534)
4,(34.1280116, -118.37966180000001)
4,(35.0711334, -120.58028270000001)
4,(38.5766785, -121.4542651)
4,(33.5792753, -111.9046744)
4,(33.73304579999999, -118.03563210000002)
4,(37.4125707, -122.1635551)
4,(37.9475727, -122.34651970000002)
4,(37.401592, -122.198508)
4,(34.266698, -119.199398)
4,(33.796216, -117.81839699999999)
4,(32.999745100000005, -117.2725388)
4,(33.757095, -117.78631500000002)
4,(34.11259760000001, -117.7042487)
4,(37.5351008, -122.29018330000001)
4,(34.3932793, -119.5145347)
4,(37.415290299999995, -122.1133343)
4,(32.226593, -110.826925)
4,(35.030705, -120.55792)
4,(33.673253, -117.95167200000002)
4,(37.39015710000001, -122.01796860000002)
4,(37.410494099999994, -122.1542759)
4,(37.3993932, -122.1972272)
4,(37.5670691, -122.3419977)
4,(37.884320900000006, -122.4707535)
4,(34.2419509, -117.2855993)
4,(34.0076937, -118.4015487)
4,(37.3607286, -122.0953586)
4,(38.5586168, -121.43171249999999)
4,(33.7705139, -118.187732)
4,(35.0999854, -120.57834780000002)
4,(32.8157094, -117.25885349999999)
4,(34.1749447, -118.8912999)
4,(40.9711498, -111.8765139)
4,(37.84838200000001, -122.480176)
4,(32.7473618, -117.0696044)
4,(34.0762467, -118.5999986)
4,(32.2222296, -110.9951363)
4,(33.6055563, -117.2881167)
4,(37.368976800000006, -122.08787199999999)
4,(34.107783700000006, -118.3944796)
4,(38.5709424, -121.45118490000002)
4,(37.559084, -121.9974613)
4,(34.0667629, -118.46322840000002)
4,(37.787499600000004, -122.4259787)
4,(34.044934, -118.57343529999999)
4,(36.595001, -121.90990340000002)
4,(40.4910868, -111.9200706)
4,(33.4564788, -117.64889430000001)
4,(31.860794400000003, -110.980025)
4,(37.4578853, -122.43625859999999)
4,(33.7403722, -118.2941948)
4,(34.1759242, -118.4337643)
4,(36.211687, -115.2284887)
4,(35.3491241, -119.09262190000001)
4,(34.1267092, -118.15247410000002)
4,(34.18327980000001, -118.1108568)
4,(34.21657600000001, -118.989627)
4,(34.04905229999999, -118.398072)
4,(37.9452673, -122.532241)
4,(38.4313767, -122.6640397)
4,(32.3149021, -110.9246328)
4,(39.3534132, -120.2448272)
4,(34.0525768, -117.2518867)
4,(33.8411018, -118.15830969999999)
4,(38.2975381, -122.28686499999999)
4,(37.37024, -122.14320600000002)
4,(32.9998554, -117.0556155)
4,(37.83753010000001, -122.25526020000001)
4,(37.197005, -121.846338)
4,(37.9269854, -122.0657924)
4,(37.7370933, -122.45218840000001)
4,(39.49884509999999, -119.85735549999998)
4,(37.8683209, -122.2703955)
4,(37.2740324, -121.93610670000001)
4,(38.3396526, -122.79601550000001)
4,(33.6156602, -117.91062389999999)
4,(33.749206, -118.31457500000002)
4,(40.67781099999999, -111.970097)
4,(34.0048442, -118.48417079999999)
4,(33.5048447, -112.1876609)
4,(34.5387429, -117.32683720000001)
4,(34.2263404, -118.55763900000001)
4,(33.616055, -117.64022500000002)
4,(33.72557, -118.00624200000001)
4,(37.8006271, -122.4058214)
4,(37.867451300000006, -122.04204380000002)
4,(37.4921236, -122.23682390000002)
4,(33.9959086, -118.4382754)
4,(37.4193047, -122.1637126)
4,(34.1650781, -118.2737212)
4,(37.397463, -122.06638)
4,(38.1195359, -122.26487)
4,(37.3104782, -121.79368360000001)
4,(37.4320694, -122.11575900000001)
4,(37.348093600000006, -121.9795123)
4,(33.670657500000004, -117.81361729999999)
4,(34.0661915, -118.4620903)
4,(34.452223, -119.74685139999998)
4,(37.45464679999999, -122.25676569999999)
4,(37.8207055, -122.25952580000002)
4,(37.9056981, -122.30096790000002)
4,(38.61815529999999, -122.8632247)
4,(37.2803939, -121.9917491)
4,(34.0840417, -117.6543411)
4,(34.2378954, -118.5118985)
4,(34.086031299999995, -118.3131624)
4,(34.0933742, -118.12280920000002)
4,(33.074244400000005, -117.26563610000001)
4,(37.6940333, -121.88996170000001)
4,(34.185312, -118.5597797)
4,(37.38936339999999, -121.85416109999998)
4,(32.2722992, -110.8170134)
4,(34.0182084, -118.5005688)
4,(37.2505071, -121.99896870000002)
4,(33.88340910000001, -118.40849949999999)
4,(37.83565959999999, -122.256209)
4,(33.65283240000001, -112.3546626)
4,(33.8163894, -117.8498686)
4,(37.4464337, -122.153968)
4,(37.4397037, -122.2048333)
4,(34.0746133, -118.2957636)
4,(38.5680198, -121.76123350000002)
4,(38.1242239, -122.5965522)
4,(37.93, -122.38)
4,(33.100611900000004, -117.3054204)
4,(38.68784260000001, -122.0578199)
4,(34.287678, -119.14824799999998)
4,(32.3202045, -110.9200134)
4,(38.62842499999999, -121.38052680000001)
4,(38.6436806, -121.23312830000002)
4,(39.53454140000001, -119.83665550000002)
4,(33.98166470000001, -118.4690973)
4,(34.4618166, -119.8151068)
4,(37.3938926, -122.0224386)
4,(37.3982672, -122.19826620000002)
4,(34.4386109, -119.2707391)
4,(37.85359940000001, -122.2564755)
4,(32.2599129, -110.8875374)
4,(32.2402882, -110.843145)
4,(33.921361, -117.966566)
4,(37.944004, -122.51918800000001)
4,(34.1306637, -118.1994911)
4,(37.4663787, -122.4348955)
4,(33.417544299999996, -111.8245143)
4,(37.7649362, -122.4651785)
4,(34.2299342, -118.57740070000001)
4,(37.821124999999995, -122.247933)
4,(33.5475397, -117.80399969999999)
4,(38.1940853, -120.97799620000002)
4,(34.793909, -112.500085)
4,(37.8936716, -122.28384740000001)
4,(37.348392800000006, -122.04827149999998)
4,(33.80561469999999, -118.3682385)
4,(34.1334601, -118.1654073)
4,(32.2340217, -110.9623293)
4,(33.7012163, -111.8729485)
4,(37.8992911, -122.25970110000002)
4,(34.5365306, -112.494983)
4,(34.0984648, -117.73344479999999)
4,(32.1976369, -111.0805005)
4,(37.3871028, -122.09224850000001)
4,(37.9580927, -122.0114667)
4,(37.4187756, -122.25089209999999)
4,(33.8839674, -118.4025228)
4,(33.5989126, -117.2800372)
4,(33.7322787, -117.97991750000001)
4,(32.3001093, -110.9528819)
4,(37.580688, -122.33124499999998)
4,(37.374948, -122.0516405)
4,(37.8184473, -122.26448670000002)
4,(32.8257006, -117.2393085)
4,(34.16290669999999, -118.704764)
4,(37.8981199, -122.2605557)
4,(33.6043667, -117.81292780000001)
4,(33.8475586, -117.790493)
4,(37.77367399999999, -122.46937749999998)
4,(33.8671816, -118.39816730000001)
4,(34.178034200000006, -118.1310058)
4,(34.01524940000001, -118.42865160000001)
4,(37.2575524, -122.0137055)
4,(33.869621, -118.3886675)
4,(37.9709742, -122.54070919999998)
4,(37.78878250000001, -122.43866470000002)
4,(37.8658274, -122.2760922)
4,(37.46816119999999, -122.16880959999999)
4,(34.28330799999999, -118.50799390000002)
4,(34.0622347, -118.47143020000001)
4,(39.4096079, -123.35556560000002)
4,(34.0469838, -118.5270094)
4,(38.00621830000001, -122.02869100000001)
4,(37.201234, -121.956867)
4,(33.0221916, -117.0726129)
4,(32.868299, -117.21612949999998)
4,(37.75808790000001, -122.4312537)
4,(34.4289644, -119.7480326)
4,(40.665973, -111.843772)
4,(32.6741718, -117.0291154)
4,(34.2757168, -118.40276030000001)
4,(37.940997, -122.0308485)
4,(37.9400002, -122.3340266)
4,(34.107698600000006, -118.42393549999998)
4,(37.40504090000001, -122.0881065)
4,(37.4204822, -122.15167529999998)
4,(31.800791599999997, -111.0258097)
4,(34.1297138, -118.17178970000002)
4,(33.88535300000001, -117.841281)
4,(37.47949, -121.8982584)
4,(37.86123, -122.076353)
4,(33.7999876, -118.3865564)
4,(35.3279144, -120.8247676)
4,(38.5686404, -121.7300222)
4,(37.61178780000001, -122.0305432)
4,(32.8612197, -117.23837310000002)
4,(34.0859117, -118.4853167)
4,(34.389002, -119.49563600000002)
4,(33.53664369999999, -112.0816631)
4,(37.7454194, -122.4314965)
4,(33.61382590000001, -111.93594520000002)
4,(33.037811299999994, -117.25950489999998)
4,(33.7960972, -111.9341982)
4,(37.5176572, -122.30347590000001)
4,(36.968498100000005, -121.853347)
4,(37.550028, -122.28351500000001)
4,(34.0926028, -118.0588226)
4,(37.8847179, -122.2666273)
4,(37.8266914, -122.25081430000002)
4,(33.7892879, -118.13237470000001)
4,(37.779967, -122.475384)
4,(37.7740239, -122.39591700000001)
4,(33.329117100000005, -111.7099607)
4,(37.788074400000006, -122.4532617)
4,(37.7547042, -122.42343640000001)
4,(35.96240399999999, -115.09504499999998)
4,(32.3208185, -110.9532051)
4,(38.440000000000005, -122.71)
4,(40.569205, -122.3489177)
4,(37.2351677, -121.82102060000001)
4,(38.0039861, -122.5494274)
4,(33.8966096, -117.91391210000002)
4,(32.7642876, -116.9599198)
4,(33.7834649, -118.405286)
4,(37.8872129, -122.2833472)
4,(38.514636, -119.44534900000001)
4,(32.8372891, -116.9137286)
4,(34.129065, -118.152607)
4,(37.7859202, -122.48650739999998)
4,(38.01270060000001, -122.64526100000002)
4,(34.03744, -118.5229201)
4,(37.46079100000001, -122.222541)
4,(32.2769007, -110.8979947)
4,(37.9564465, -121.2832657)
4,(34.096565, -117.7352012)
4,(38.3066181, -122.02996459999999)
4,(34.1534663, -118.3803835)
4,(33.7616423, -111.9139562)
4,(32.6239289, -116.766677)
4,(37.8984004, -122.2817479)
4,(34.3990599, -119.52723229999998)
4,(34.01478449999999, -118.4582176)
4,(38.555718, -121.778516)
4,(39.1644199, -119.78093469999999)
4,(33.8585492, -118.3974288)
4,(33.2260689, -111.7993688)
4,(34.2249546, -118.5127488)
4,(33.4137368, -111.9474252)
4,(36.562866, -121.73464600000001)
4,(37.768003, -122.451939)
4,(34.07612700000001, -118.64725500000002)
4,(40.7088951, -111.8266305)
4,(36.810619, -121.3581096)
4,(32.227623, -110.850119)
4,(40.7676624, -111.9193898)
4,(33.741694, -118.31811800000001)
4,(37.876434, -120.39797900000002)
4,(35.4139585, -114.1985922)
4,(34.052984, -118.2511908)
4,(37.349499, -122.07299440000001)
4,(32.2628073, -110.8977172)
4,(34.11688699999999, -118.59064500000001)
4,(32.8065056, -117.0222027)
4,(36.871594, -119.7480845)
4,(37.4545258, -122.1855117)
4,(34.536071, -112.454833)
4,(32.8164445, -117.24986919999999)
4,(34.1068103, -118.06575)
4,(37.4070941, -122.1031132)
4,(38.0158546, -120.30296560000001)
4,(33.8174194, -118.0555568)
4,(35.3164498, -120.84708609999998)
4,(33.9848397, -118.45426820000002)
4,(34.1060408, -117.71963579999999)
4,(32.943239, -117.216176)
4,(34.1987972, -118.45704940000002)
4,(36.992045, -121.98352200000001)
4,(37.279455000000006, -122.00943650000002)
4,(37.9311761, -122.0817603)
4,(39.0003616, -119.9525689)
4,(37.90730979999999, -122.2924864)
4,(38.7301054, -121.085017)
4,(37.3361412, -122.0538478)
4,(34.12971809999999, -118.3496081)
4,(38.7389106, -120.8053824)
4,(37.92686830000001, -122.52821399999999)
4,(37.8458009, -122.2784526)
4,(34.009213, -118.38781399999999)
4,(33.770462, -118.41332590000002)
4,(34.1315518, -118.46843329999999)
4,(38.3065885, -122.02888830000002)
4,(33.280256, -111.1082328)
4,(33.3208833, -111.8843529)
4,(37.9936612, -121.7868461)
4,(37.8017258, -122.1991257)
4,(33.670625799999996, -117.8014958)
4,(37.7974718, -122.2520737)
4,(33.60594619999999, -112.0845766)
4,(33.7801353, -118.38811610000002)
4,(34.42374430000001, -119.87361770000001)
4,(37.7514153, -121.9437608)
4,(34.020211, -118.39084)
4,(33.594774099999995, -117.72790030000002)
4,(34.07482490000001, -118.46703510000002)
4,(37.7905876, -122.39283480000002)
4,(37.8888486, -122.2634999)
4,(33.7155941, -117.8157107)
4,(37.0133409, -121.88946900000002)
4,(34.4015801, -119.7249131)
4,(34.07512340000001, -118.3623295)
4,(37.586870999999995, -122.379564)
4,(33.077506, -117.26201900000001)
4,(37.8176486, -122.22878830000002)
4,(38.5912648, -121.37038819999998)
4,(32.352911, -111.03)
4,(37.8804421, -122.26215020000001)
4,(37.4131257, -122.1106905)
4,(36.9727772, -122.01097099999998)
4,(33.81505560000001, -118.09352920000002)
4,(37.4388116, -122.3236812)
4,(37.8706768, -122.2873059)
4,(32.9081801, -117.0979006)
4,(37.917215000000006, -122.31144500000002)
4,(34.0603816, -118.46783320000002)
4,(37.397163, -121.85988490000001)
4,(35.2602282, -120.6857544)
4,(37.5922941, -122.3861604)
4,(37.3674586, -122.04196910000002)
4,(32.7991048, -117.03110550000001)
4,(34.1155361, -117.89500310000001)
4,(34.2186145, -119.1892112)
4,(37.7405298, -122.4265211)
4,(38.3185819, -122.27029910000002)
4,(38.1960298, -120.68048720000002)
4,(32.3794222, -111.135463)
4,(34.145136, -118.37501460000001)
4,(33.8210635, -118.0757539)
4,(37.5331854, -122.31716209999999)
4,(34.0431721, -118.65545029999998)
4,(40.36733459999999, -111.7265379)
4,(33.9897862, -118.4575599)
4,(33.3692075, -111.8886423)
4,(34.025369, -118.45983900000002)
4,(34.440000000000005, -119.63)
4,(37.746598, -122.4297213)
4,(34.0831609, -117.83455900000001)
4,(37.811081, -122.255983)
4,(34.4386217, -119.6905371)
4,(37.7677687, -122.42990080000001)
4,(37.1432881, -121.58711949999999)
4,(34.1791774, -118.1304798)
4,(32.2274171, -110.7882328)
4,(34.4205066, -119.601738)
4,(37.922815, -122.3904601)
4,(37.8801387, -122.08139359999998)
4,(36.98388200000001, -121.87291199999999)
4,(37.873595, -122.056701)
4,(34.0773671, -118.5084172)
4,(39.6462733, -121.7999767)
4,(32.7885516, -117.1649309)
4,(40.6460622, -111.4979729)
4,(32.2265601, -110.7904119)
4,(34.1599999, -118.28)
4,(38.463391800000004, -122.6727494)
4,(37.84761, -122.25200520000001)
4,(34.0988421, -118.35694189999998)
4,(32.2809129, -110.8848265)
4,(37.9235565, -122.3042839)
4,(35.3270724, -119.08345520000002)
4,(37.3834137, -122.0552703)
4,(37.646935400000004, -121.76560860000001)
4,(37.409938600000004, -121.8739818)
4,(37.2264379, -121.99056380000002)
4,(37.35997309999999, -122.04574380000001)
4,(33.96545, -118.405164)
4,(34.1654243, -118.07581230000001)
4,(38.5697227, -121.72684960000001)
4,(34.858155999999994, -111.797509)
4,(35.11610290000001, -120.6010499)
4,(38.3994977, -121.4152815)
4,(34.7460639, -112.0237939)
4,(33.690712, -117.969437)
4,(36.8347787, -121.3800631)
4,(36.6062585, -121.83840910000002)
4,(37.2699797, -121.92985689999999)
4,(34.6507649, -118.2461345)
4,(37.96513850000001, -121.9959011)
4,(37.2813718, -121.97162600000001)
4,(34.0858393, -118.38944730000001)
4,(39.1535534, -121.05229619999999)
4,(38.24630700000001, -122.90555180000001)
4,(37.5820616, -122.4809906)
4,(37.5873703, -122.4987539)
4,(37.4538476, -122.14241)
4,(37.9610828, -122.5512215)
4,(37.3496361, -122.0288535)
4,(40.457134700000005, -111.759535)
4,(32.2021, -110.94693800000002)
4,(33.795909, -118.2944784)
4,(34.1645405, -118.35937610000002)
4,(37.809172100000005, -122.23145100000002)
4,(39.2615606, -121.0160594)
4,(38.6962341, -121.08012949999998)
4,(36.542087, -121.932193)
4,(32.7296694, -117.01826359999998)
4,(34.5369356, -112.4536416)
4,(37.88398269999999, -122.4580469)
4,(37.4396062, -122.17544)
4,(34.2757822, -119.2288328)
4,(37.885321299999994, -122.2788813)
4,(35.573709, -117.651682)
4,(37.8541331, -122.231474)
4,(33.6477498, -117.8346428)
4,(37.92513, -122.03925999999998)
4,(37.755837, -122.46550769999999)
4,(33.904673, -118.1765)
4,(36.1388777, -115.24609400000001)
4,(34.08438009999999, -118.2776189)
4,(33.6403552, -117.89166599999999)
4,(40.2825012, -111.6621531)
4,(34.1220545, -118.2935891)
4,(37.786964, -122.48270299999999)
4,(34.22301099999999, -118.98306400000001)
4,(37.7852206, -122.4788979)
4,(34.1973921, -118.1953884)
4,(39.3773056, -119.8305851)
4,(38.3905689, -122.82205199999999)
4,(37.88738399999999, -122.26303650000001)
4,(34.31, -118.45000000000002)
4,(37.329952199999994, -121.9265652)
4,(37.8780034, -122.06753609999998)
4,(33.83315269999999, -118.35765500000001)
4,(33.774396, -118.379451)
4,(36.5725286, -121.94859370000002)
4,(38.358675000000005, -122.68678890000001)
4,(33.78666380000001, -118.3393177)
4,(33.8802802, -117.44639399999998)
4,(40.3195881, -111.7145278)
4,(34.115463, -118.3866168)
4,(37.39536429999999, -122.2001931)
4,(32.7691294, -117.0184738)
4,(33.87962970000001, -118.3918963)
4,(33.9919098, -117.9870645)
4,(32.240289, -111.02940750000002)
4,(33.6704522, -112.2879053)
4,(37.3299852, -121.77951110000001)
4,(34.87, -111.76)
4,(33.7864543, -118.3687656)
4,(33.634984, -112.279208)
4,(38.039455, -121.33125980000001)
4,(33.6251422, -117.9377172)
4,(36.476887, -121.93728799999998)
4,(37.6511213, -121.8816644)
4,(34.0785294, -117.678805)
4,(37.7578707, -122.3984761)
4,(38.348844, -122.69524699999998)
4,(38.262725, -122.0384407)
4,(37.7855853, -122.42644710000002)
4,(33.589833, -112.123796)
4,(37.8382504, -122.2280712)
4,(38.7283829, -121.2504886)
4,(33.064371200000004, -112.0299609)
4,(37.24245299999999, -121.91050500000001)
4,(37.7330319, -122.4596814)
4,(39.4036102, -119.79641179999999)
4,(33.8082371, -117.7921538)
4,(33.6835709, -117.3841721)
4,(33.6913673, -112.0391566)
4,(37.4180218, -121.87093969999998)
4,(33.5143617, -117.6648558)
4,(37.9536111, -122.0217887)
4,(37.441753, -122.1747905)
4,(33.8356229, -118.38811880000002)
4,(32.720698399999996, -117.1246976)
4,(37.7618242, -122.3985871)
4,(37.9941676, -122.0655326)
4,(34.9022482, -110.15817680000002)
4,(33.7184595, -118.29831)
4,(34.0448458, -118.38090830000002)
4,(36.0398622, -115.0923845)
4,(40.7175626, -111.4918319)
4,(32.7967804, -117.0473136)
4,(37.9927536, -122.4579499)
4,(38.4576023, -122.71447219999999)
4,(33.0990722, -117.30985859999998)
4,(37.4177563, -122.1235054)
4,(38.1093554, -122.5121757)
4,(34.0573694, -118.46762119999998)
4,(33.5741988, -111.9818486)
4,(33.580767, -111.85437)
4,(40.3079946, -111.6697111)
4,(38.635738, -121.34621690000002)
4,(37.86, -122.48000000000002)
4,(33.6187006, -112.0565228)
4,(37.426261200000006, -122.2168689)
4,(38.9357021, -121.0981293)
4,(33.27414269999999, -111.7122578)
4,(34.1032569, -118.01820960000002)
4,(34.1258255, -118.2701671)
4,(32.9953542, -117.146637)
4,(33.01500910000001, -117.0678626)
4,(34.1108717, -118.4468446)
4,(37.7796858, -122.4032947)
4,(39.597808, -110.81516)
4,(37.7991254, -122.2449979)
4,(40.122230800000004, -122.2146703)
4,(34.2450585, -118.2394685)
4,(37.7908165, -122.26886170000002)
4,(37.8308757, -122.20172349999999)
4,(37.8029322, -122.40839350000002)
4,(37.8529941, -122.23779420000001)
4,(32.815807, -116.80536199999999)
4,(37.1375225, -121.6538697)
4,(34.1714351, -118.4545836)
4,(34.0402378, -118.21993330000001)
4,(33.4919292, -111.9712062)
4,(37.771444599999995, -122.4367033)
4,(38.9059474, -120.84527150000001)
4,(34.159671100000004, -118.3502849)
4,(36.972914, -122.0446506)
4,(37.9938968, -122.60263410000002)
4,(34.0707962, -118.3852567)
4,(40.5804671, -122.4162588)
4,(37.75786130000001, -122.47521169999999)
4,(33.9324861, -118.00298220000002)
4,(37.34784520000001, -122.0281444)
4,(37.9029829, -122.5693106)
4,(35.16123400000001, -120.6770484)
4,(33.0176773, -117.226457)
4,(37.3050139, -121.99773680000001)
4,(38.545674899999995, -121.4933812)
4,(37.395925000000005, -122.262253)
4,(34.0509222, -118.46000580000002)
4,(34.538997, -112.492182)
4,(35.1302893, -120.6276213)
4,(37.7471687, -122.50626330000001)
4,(33.1005972, -117.3134716)
4,(33.67888380000001, -117.81141029999999)
4,(40.67871689999999, -111.7983578)
4,(32.245969, -110.9232645)
4,(39.1599999, -119.77000000000001)
4,(34.0180113, -118.4928071)
4,(39.5021931, -119.87783060000001)
4,(34.4451382, -119.73930110000002)
4,(33.6902399, -117.66773379999998)
4,(33.0283043, -117.280204)
4,(32.29108010000001, -110.8313929)
4,(38.032841700000006, -122.547849)
4,(32.274183, -110.929466)
4,(37.75619300000001, -122.40149209999998)
4,(36.5407823, -121.9323115)
4,(34.006388, -118.4859443)
4,(32.79497930000001, -117.07749890000001)
4,(37.85861400000001, -122.05477500000002)
4,(37.22323889999999, -121.98377819999999)
4,(37.87995780000001, -122.2666474)
4,(37.6890263, -121.93500040000002)
4,(39.25517800000001, -121.02321300000001)
4,(34.1882962, -119.2147473)
4,(37.8562112, -122.0027419)
4,(33.6372737, -117.34439830000001)
4,(35.2633227, -120.6311306)
4,(34.0488825, -117.8949867)
4,(33.1891598, -117.20771339999999)
4,(34.2367412, -118.87735949999998)
4,(37.9358964, -122.1080436)
4,(37.963988, -122.49503799999998)
4,(33.63394540000001, -117.7995243)
4,(37.9901105, -122.5953437)
4,(34.6475599, -112.3407804)
4,(38.2903337, -122.2884412)
4,(33.8567814, -118.3972077)
4,(34.39844810000001, -119.71227560000001)
4,(38.455298, -122.61505100000001)
4,(32.6833841, -114.4264972)
4,(35.1282505, -120.5650646)
4,(33.4701007, -117.69302840000002)
4,(37.9502261, -121.96548840000001)
4,(37.88410780000001, -122.293496)
4,(33.6433381, -112.369255)
4,(37.39, -121.89)
4,(37.9020702, -122.06501550000002)
4,(36.6768024, -121.6423799)
4,(33.156831, -117.1395756)
4,(37.3451872, -122.0907935)
4,(37.4774398, -122.2740712)
4,(32.7138095, -117.16837090000001)
4,(32.647222500000005, -117.0705372)
4,(33.86873210000001, -118.3948597)
4,(33.8188328, -118.34350579999999)
4,(37.2280966, -121.86111290000001)
4,(32.3284878, -110.9107139)
4,(37.56640620000001, -122.2640553)
4,(34.0197703, -118.3880719)
4,(32.8157985, -117.07935000000002)
4,(37.8127078, -122.19609020000001)
4,(31.5646441, -110.2925837)
4,(39.25, -119.96)
4,(40.708802, -111.81041)
4,(38.29385200000001, -122.469938)
4,(33.3363836, -111.9343636)
4,(32.8806591, -117.24443939999999)
4,(33.76424070000001, -118.1576513)
4,(34.033686, -118.50580370000002)
4,(33.8942308, -118.4010297)
4,(38.7076386, -121.274153)
4,(33.2373988, -117.27624190000002)
4,(34.070847199999996, -118.2793535)
4,(37.8549953, -122.25941360000002)
4,(32.2202245, -110.9021127)
4,(36.7337235, -119.70199040000001)
4,(38.4461122, -122.69336069999999)
4,(39.6882116, -123.4827942)
4,(34.0456431, -118.4274468)
4,(37.396212, -122.071233)
4,(37.7800247, -122.4233424)
4,(37.2387746, -121.96117290000001)
4,(34.1647225, -118.5411455)
4,(34.1414346, -118.08993569999998)
4,(32.7765538, -117.18053740000002)
4,(38.2855752, -122.45075790000001)
4,(37.8860883, -122.2702729)
4,(37.7924686, -122.43610610000002)
4,(34.1833918, -118.13406350000001)
4,(33.988139800000006, -117.84954349999998)
4,(40.4104213, -111.75819700000001)
4,(37.5198539, -122.32803949999999)
4,(38.379462, -122.2917786)
4,(37.8904908, -122.2699952)
4,(37.982948, -122.022375)
4,(37.905915500000006, -122.4935226)
4,(36.5613818, -121.90646529999998)
4,(34.191318800000005, -118.313656)
4,(38.7153739, -121.25729320000002)
4,(33.6621356, -112.3847728)
4,(34.21341749999999, -119.04706280000002)
4,(37.9250057, -122.29164629999998)
4,(34.1557201, -118.51022000000002)
4,(37.443068, -121.89526340000002)
4,(33.23116540000001, -111.85331010000002)
4,(34.06277769999999, -118.46974770000001)
4,(33.7638564, -111.9138715)
4,(39.745039, -121.63283899999999)
4,(37.4236982, -122.1179781)
4,(34.2767977, -118.5175353)
4,(37.96384380000001, -122.3046002)
4,(37.7435695, -122.44372989999998)
4,(34.1161881, -117.7355262)
4,(34.0995388, -118.20748109999998)
4,(39.284023, -121.047599)
4,(37.90326290000001, -122.2737015)
4,(38.8728813, -121.29161480000002)
4,(39.355746, -123.81514300000002)
4,(33.8737319, -118.40660870000002)
4,(37.4450974, -122.1497897)
4,(33.866361, -118.3660786)
4,(32.327255, -110.854423)
4,(34.172823, -118.445844)
4,(37.7410535, -122.4172822)
4,(34.1673574, -118.27475369999999)
4,(33.7463021, -118.32751270000001)
4,(37.8775689, -122.2773789)
4,(32.34298, -110.933876)
4,(38.8950476, -121.1838201)
4,(34.1517433, -117.66895320000002)
4,(37.82791949999999, -122.2288561)
4,(33.3963476, -111.88064350000002)
4,(32.9821079, -111.695699)
4,(40.750149500000006, -111.61445790000002)
4,(34.4278889, -119.70152449999999)
4,(36.160979, -115.211986)
4,(37.8407725, -122.23509070000001)
4,(38.1797703, -122.1379804)
4,(37.7472724, -122.2446163)
4,(37.3261952, -122.0406582)
4,(37.5660832, -122.3279327)
4,(34.2748067, -118.47190280000001)
4,(37.911682000000006, -122.032447)
4,(37.821016, -122.190779)
4,(37.399785, -122.124233)
4,(37.4127894, -122.12729340000001)
4,(37.2804184, -121.96455800000001)
4,(37.7995469, -122.41840170000002)
4,(34.06555409999999, -118.43165990000001)
4,(34.0159042, -118.4158467)
4,(37.7648615, -122.4738572)
4,(32.304593, -110.7846418)
4,(37.3901355, -122.0842842)
4,(37.78261890000001, -122.188717)
4,(34.05406500000001, -117.53332600000002)
4,(39.166421799999995, -119.78772600000002)
4,(37.4381156, -122.1279865)
4,(34.452233, -119.812768)
4,(37.838201, -122.23050570000001)
4,(37.9725898, -122.49123140000002)
4,(38.30071350000001, -122.01962969999998)
4,(37.9099999, -122.54)
4,(38.0061561, -122.63502939999998)
4,(33.5957012, -111.8888644)
4,(36.536885, -121.877525)
4,(32.309792, -110.897603)
4,(37.87939060000001, -122.25901110000001)
4,(38.7775878, -121.2307089)
4,(34.1356982, -118.41225940000001)
4,(32.8778102, -110.3853769)
