8,(51.51944259999999, -0.150309)
9,(59.642500000000005, -151.5483333)
9,(64.84, -147.72)
9,(61.1998831, -149.8766245)
9,(61.11171480000001, -149.9223219)
9,(58.30625460000001, -134.4270902)
9,(61.20595329999999, -149.8363515)
9,(58.3748016, -134.6438734)
9,(61.1891506, -149.8855114)
9,(56.8125, -132.9555556)
9,(58.4133333, -135.7369443)
9,(61.1326041, -149.7953903)
9,(58.30700000000001, -134.423)
9,(58.36016420000001, -134.5764397)
9,(61.1827982, -149.9357808)
9,(61.2015484, -149.7358931)
9,(64.877719, -147.0015523)
9,(61.185898, -149.7661005)
9,(61.130104700000004, -149.7174885)
9,(58.38510000000001, -134.656)
9,(58.30345160000001, -134.4206636)
9,(61.1004206, -149.8473827)
9,(61.130833300000006, -146.3483334)
