37.1490933,-93.2690053
43.0535998,-70.8905577
39.9384719,-75.8705432
33.4400633,-88.8064503
38.1093554,-122.5121757
40.9587341,-73.8067273
45.306453,-122.309521
41.7561187,-74.0648254
43.7390519,-93.7314185
40.762543,-73.787762
34.0573694,-118.4676212
40.975913,-73.970416
35.1173851,-83.4395994
39.76928,-75.662454
39.8731672,-86.2539366
33.5741988,-111.9818486
42.7799135,-70.9899718
40.95837,-73.797946
26.3629968,-80.1404592
41.138203,-74.005053
44.2971241,-90.854715
38.3676714,-98.7583499
41.3238903,-72.9237258
44.5376649,-73.277628
41.1487762,-73.2311781
40.0533062,-83.0407207
30.5356497,-84.2142252
38.9094318,-77.105087
41.4312903,-90.4677616
33.580767,-111.85437
42.9692396,-78.840467
43.7304194,-72.2692185
40.3079946,-111.6697111
40.0188104,-75.2975116
27.3006291,-82.5530511
34.1539115,-80.8669298
41.3128392,-105.5886389
42.736471,-84.458198
41.0267671,-74.3275937
33.4739207,-86.7864456
40.3110608,-76.5967825
43.103166,-88.812681
44.798472,-91.533204
44.870964,-93.107351
39.9724344,-86.1148896
38.635738,-121.3462169
40.3717768,-79.99388
37.86,-122.48
40.5710261,-78.3892024
41.751498,-71.329278
42.2384032,-71.3639209
33.6187006,-112.0565228
42.1015195,-87.9862424
36.6303314,-87.373163
41.352011,-72.0493456
40.766283,-73.966746
35.775214,-78.719194
37.4262612,-122.2168689
38.9357021,-121.0981293
42.878985,-89.429469
42.211799,-76.050621
38.661535,-75.34763
33.2741427,-111.7122578
34.1032569,-118.0182096
43.0027751,-78.706888
34.1258255,-118.2701671
32.9953542,-117.146637
61.1301047,-149.7174885
38.9047728,-77.0429202
33.0150091,-117.0678626
42.203776,-88.116281
40.184537,-77.2068595
28.8049982,-81.8619043
34.1108717,-118.4468446
42.1967144,-73.3763723
35.6856266,-105.9203479
46.821553,-96.826355
39.0239229,-77.1540935
37.7796858,-122.4032947
39.597808,-110.81516
43.2995675,-73.63071
27.1383258,-82.4724545
41.0855799,-74.064636
46.8057085,-114.063235
26.3534154,-81.8015627
39.7248797,-104.9224533
39.1842155,-96.5975813
40.7830779,-73.9556481
37.7991254,-122.2449979
39.8654863,-75.5267721
41.2911828,-73.4774471
42.0006881,-87.7654057
40.9826995,-73.7038495
40.1222308,-122.2146703
34.2450585,-118.2394685
40.7492566,-73.9948792
42.3075704,-71.3390588
40.6076294,-74.4630246
41.3842957,-72.5867214
42.2871975,-83.7347901
42.72223,-88.592254
34.8652503,-87.6285497
40.6448094,-73.6546801
37.7908165,-122.2688617
40.433559,-105.1049169
37.8308757,-122.2017235
41.0466225,-81.3188343
41.7916888,-87.9315751
39.670602,-75.707913
39.638275,-104.931679
39.361132,-76.734755
40.7582847,-73.967974
42.669825,-70.79242
36.402712,-94.094934
44.8453888,-93.3381086
42.4058279,-71.358249
42.4742835,-76.4902273
33.5443023,-82.0561816
42.9770332,-70.9559883
38.9653353,-76.5743533
39.0475407,-84.5598143
40.018893,-79.128844
37.8029322,-122.4083935
42.4011385,-86.2674281
41.673268,-71.4588009
37.8529941,-122.2377942
39.9915581,-105.2509432
30.4360076,-88.8956386
32.815807,-116.805362
39.6204055,-104.9947473
38.2386292,-85.4914665
40.9893383,-73.8702145
37.1375225,-121.6538697
34.7159283,-86.7566597
32.600205,-85.471634
38.256439,-76.793304
34.1714351,-118.4545836
41.806262,-89.6964726
44.9149782,-93.2879482
42.4901897,-79.0217066
32.4894948,-93.7419884
42.3220717,-71.1283429
40.9607004,-76.5824061
40.8311979,-74.1960169
34.0402378,-118.2199333
20.7105865,-156.4371877
40.710773,-93.3650618
26.136266,-81.748765
38.8396267,-77.2296549
44.9610059,-93.3283231
33.4919292,-111.9712062
41.571255,-72.922814
38.9087199,-77.0880168
32.7987382,-79.881612
42.3727519,-71.1733312
46.8508603,-114.0636553
39.201334,-84.444263
40.984003,-74.592203
42.9649388,-76.229941
41.1764227,-73.9605224
44.9069253,-93.320399
43.652748,-71.4747224
33.8179432,-79.4492228
33.4,-104.53
39.1409476,-86.0743065
40.7455779,-82.5641462
39.35099,-76.565787
33.9151182,-83.9584443
37.7714446,-122.4367033
41.6019812,-72.6606353
44.9421585,-93.1195141
21.3059576,-157.8410442
42.398629,-71.096063
38.982728,-77.219666
43.0539487,-87.889037
47.6761049,-122.2966237
42.2487144,-71.4516863
41.9322528,-88.0172075
40.880184,-74.456067
38.9059474,-120.8452715
41.0213388,-73.8373973
34.1596711,-118.3502849
45.0011828,-93.15376
40.159382,-85.841558
40.792196,-73.9771618
38.3699571,-75.5780082
34.0201774,-84.215391
43.201892,-71.565726
40.057835,-75.609556
35.665815,-97.4763339
36.972914,-122.0446506
40.738465,-73.924085
30.4908838,-84.2508365
27.3311356,-82.4988762
38.872241,-77.017894
40.8163469,-73.9600792
38.945341,-76.479445
34.7521551,-82.3455189
39.6162595,-105.2501999
38.967043,-95.3058621
37.9938968,-122.6026341
41.8352411,-87.9650462
40.71779,-73.8792579
26.5375654,-81.8827271
43.130118,-77.558552
40.6600755,-73.5387472
42.101847,-87.801145
38.572256,-90.381193
34.0707962,-118.3852567
43.1019226,-89.338427
42.116674,-87.86879
40.882357,-73.412801
35.946162,-79.0189853
39.855791,-94.82756
42.9239404,-70.8824937
42.2629814,-85.5953941
26.1267797,-80.2858256
38.960517,-77.0616788
36.0891009,-95.9066545
32.8943224,-79.7948978
40.5804671,-122.4162588
37.2620193,-76.7173994
39.999557,-75.2630889
42.3097365,-71.1151431
42.3470189,-71.5598394
42.0626057,-87.6824044
42.51906,-89.6526837
42.2378919,-70.8273115
38.765881,-90.2994779
37.7578613,-122.4752117
44.7340515,-93.4302364
33.9324861,-118.0029822
41.5992405,-73.9728755
40.726666,-74.047967
39.10151,-77.015005
38.6371025,-77.3411992
39.6296923,-84.1598768
41.4965445,-87.8888071
40.743453,-74.0012822
42.236775,-71.2091173
40.7856876,-73.9797381
42.3170511,-72.6269799
38.59839,-78.8188179
25.7715383,-80.4097523
40.3487767,-74.6200533
37.3478452,-122.0281444
41.5223849,-87.5124989
37.9029829,-122.5693106
35.161234,-120.6770484
39.984004,-76.77916
36.0784941,-79.1023145
40.6756771,-73.5397342
30.0560698,-95.1850932
43.0522386,-75.279686
32.8599107,-97.196495
42.7297579,-70.896666
38.7279646,-77.0454754
40.908156,-78.4864489
