40.54264,-74.34883
38.99779,-77.137769
32.7587867,-117.0611074
43.0507372,-87.8919996
37.7113522,-122.0745625
37.3659228,-122.2066886
40.5847274,-74.3005187
28.5618084,-81.4734044
39.4373031,-88.754161
34.2252383,-118.5666873
39.9804245,-75.3119349
34.0030802,-118.3912195
39.5753594,-105.1608139
42.345031,-122.9629998
40.6782795,-73.6735749
40.5547652,-105.0502214
29.6809247,-95.4367542
37.4402842,-122.1538111
41.5475414,-93.6372018
40.1826236,-74.9649579
39.699585,-84.5477949
42.505704,-83.2114867
38.9663325,-77.0570604
30.334738,-98.140499
44.0225276,-123.092387
37.770067,-122.285568
34.133341,-117.4691981
42.0025454,-93.6480206
42.4894918,-83.7672846
35.9824536,-78.8364928
42.8804662,-78.8420064
39.2690605,-76.7052024
29.5845237,-95.2009474
40.5973892,-75.4989891
41.006045,-74.087405
37.774311,-122.44584
40.576344,-73.848911
30.591762,-84.5720508
40.1665433,-105.0983301
40.7480848,-73.9823697
40.8540245,-73.9395864
40.653346,-73.4410947
29.6616154,-95.4372719
46.7309534,-116.9859523
40.238227,-76.846564
40.8016281,-73.6637623
41.6574113,-87.6013407
38.9951214,-77.018951
30.46397,-87.175143
43.1468737,-70.6474707
42.3425227,-71.0885269
33.5319511,-117.7604366
28.804398,-97.007992
44.9720214,-92.9995838
38.4586267,-122.6436595
41.4663366,-81.7934565
40.7259452,-74.2559997
41.7992315,-72.2720098
41.2020695,-73.881175
46.6620478,-122.9640175
38.0109766,-84.5084506
42.3164114,-83.8098035
41.0249289,-91.9623403
42.0669463,-72.9955784
40.7358018,-73.8607974
42.6564186,-73.8390928
42.4528334,-71.1283562
36.0696557,-79.8237327
27.865616,-82.746509
30.1459567,-95.4554379
35.1890377,-106.6856518
39.3207616,-77.4243165
41.350389,-70.8128056
42.4418227,-71.2242182
36.079908,-97.106225
39.4806118,-88.1873338
40.7437578,-73.9197804
46.9247156,-97.9915997
42.3991914,-82.9086266
41.2286287,-73.1805238
40.4357945,-86.9064658
40.0127405,-105.229939
40.7745293,-73.9256801
34.2636555,-119.2141694
40.6449634,-74.3514655
47.9543432,-122.2413044
40.7052066,-74.0103289
42.955431,-75.880158
33.8089681,-84.33229
37.786879,-79.4407333
28.063117,-82.4996146
40.7209457,-73.8372383
40.7851753,-74.079041
39.9039383,-74.9396086
44.8982153,-93.2561679
42.3260473,-71.2057297
42.3909851,-71.4045979
40.4424988,-79.9275472
41.5184194,-81.530412
39.0988906,-77.9525612
40.8925904,-83.8997967
40.7985706,-73.9695095
38.8383566,-77.3096578
41.6441011,-70.6265184
40.7513586,-73.5475795
34.3875978,-88.589078
37.9100294,-78.3323495
44.674366,-73.447099
39.208168,-76.933789
33.5464678,-112.0497983
47.1674629,-93.5509249
41.943606,-87.64133
39.7022456,-75.4662428
42.2805481,-83.7937923
42.3424609,-71.3649762
42.4590968,-71.4349096
42.077534,-80.1561409
41.007436,-73.763405
32.4545694,-90.1392173
40.3763351,-74.003956
40.651347,-74.3851222
40.264465,-74.6165712
45.4597271,-122.8668946
43.1284083,-77.6047747
42.0627929,-87.6936157
46.7847147,-92.1004987
40.4649326,-88.9598797
40.2319212,-111.685761
38.8573034,-104.8255868
33.8814031,-118.0645106
35.8800364,-106.3031138
35.2774439,-80.6851938
41.2521407,-87.8449963
37.6194596,-121.7555904
38.8781879,-77.0985811
40.102196,-88.213311
42.485176,-90.688747
39.871214,-76.595004
48.3882861,-115.5559988
42.5213576,-73.2385155
34.86,-120.44
33.7320942,-118.0226608
40.7842176,-77.8493078
34.2968643,-88.7172301
37.5641324,-77.4746391
26.455943,-80.1441436
41.6745708,-83.613812
34.137435,-118.176606
37.869708,-122.06965
42.002346,-87.7175199
39.7094772,-104.9102173
40.9412705,-73.9561441
42.9978213,-78.721136
45.1176177,-93.3647706
42.2882654,-71.4405478
33.3131283,-112.0117871
35.0422684,-85.3492859
39.9666008,-75.1779404
41.6202305,-87.7206451
36.1521317,-95.9894381
32.846927,-117.2665972
42.436708,-71.371902
39.9834521,-75.3940647
34.0810696,-118.3431883
35.674336,-105.9232882
38.977832,-77.013084
27.9211328,-82.7695403
38.674137,-90.406297
30.3819768,-86.3244668
41.5596769,-90.5541599
40.8570262,-73.9361002
42.201337,-73.3546262
42.5171561,-71.7490451
27.7632387,-82.7288467
40.8768412,-73.9027524
40.589788,-80.061967
38.8640862,-77.4484142
35.2359044,-80.8922235
40.1407274,-83.0859282
37.8042225,-122.4042321
44.4690898,-93.175855
40.767547,-73.787507
39.5002563,-76.9379809
40.5252267,-74.5338392
39.408257,-76.3566553
37.244608,-76.757671
41.537389,-72.361684
26.5178385,-80.1353222
40.6869277,-73.9914234
40.2580708,-75.3369002
47.6131079,-122.769551
42.301376,-75.953429
44.4694552,-93.1805648
44.4194367,-73.2147744
37.995132,-122.526672
39.5698586,-84.213117
42.3533878,-71.206478
32.330677,-110.973395
44.8939634,-93.6359116
43.3146437,-84.865533
44.9218636,-123.0463482
47.1806268,-122.2633594
40.4165143,-74.6373036
39.8490508,-84.213821
48.4154108,-123.3663939
27.3258351,-82.4806363
40.714483,-82.543251
44.59596,-75.183521
37.3997233,-122.1209014
41.3219233,-72.2259043
42.4535316,-76.4718711
40.7477624,-73.9783777
41.3465574,-72.9433837
40.4066959,-91.376875
42.4443826,-79.3310035
40.448426,-105.2206535
47.7045708,-122.305501
38.5551306,-121.7464733
35.7882039,-78.6310684
40.422389,-79.914498
35.7070544,-78.7543364
39.528774,-76.334022
40.7312693,-73.9861087
41.4339513,-75.6402255
34.0074309,-118.390887
39.7730211,-86.3127448
38.8996582,-77.0990579
35.9112212,-79.1183432
40.9372538,-74.122522
44.7781898,-85.5890687
35.695019,-84.2670462
40.7354816,-74.1701164
41.937548,-72.7914249
43.6481228,-84.2000442
44.2058601,-88.4743735
41.7653764,-72.1981334
30.0100748,-95.4770782
40.2497799,-74.2741431
42.7043061,-71.1102826
40.7173324,-73.9802385
44.8687969,-123.0231468
45.88602,-89.8386031
37.2094989,-80.4534762
43.2874192,-87.9993732
42.092395,-88.3190709
42.1226736,-87.7500819
42.6732665,-73.7918569
37.1466017,-81.5118213
42.539063,-83.9674385
38.9464939,-77.0852011
42.2413837,-70.9175015
41.6195269,-87.0874241
38.8754195,-77.0158124
35.792729,-81.330101
43.755028,-70.457947
21.3066374,-157.8349914
42.9716687,-89.4967174
39.9396545,-74.9052144
41.033257,-73.6840579
40.7028615,-73.4381775
40.8714157,-73.146315
37.6828225,-122.145455
29.7519701,-95.5598988
32.9954862,-96.8238119
39.4644951,-87.4082032
36.0750017,-80.2809431
29.6644841,-82.3607772
34.95078,-82.4356169
39.0459293,-77.4675383
39.9113104,-75.3361398
44.965849,-93.2927753
40.1755267,-80.2241081
