41.5138785,-81.5580075
45.5018732,-122.7634818
40.824299,-74.104864
41.1553279,-81.4474627
40.879585,-73.635163
44.935837,-93.345016
41.3358697,-72.4112244
31.8942542,-111.0031821
29.9388877,-81.3070657
43.056921,-89.45159
34.0876072,-118.0379367
42.6498959,-71.3794562
40.7999273,-81.7028656
44.9674767,-93.3965248
33.790197,-117.911395
40.60428,-73.960919
40.371836,-80.0549915
40.0075508,-74.2025494
40.74855,-73.977782
37.7712552,-122.2583289
40.8444912,-73.8666496
36.585304,-121.907313
41.7743211,-88.1175116
33.8421844,-84.2157635
40.195334,-85.447171
41.3383992,-73.7076939
41.676522,-71.4922799
40.0703075,-75.1994618
42.127279,-85.5436692
43.9109987,-69.9763583
39.2235189,-76.8553293
47.0189927,-122.8995731
38.991943,-77.0781113
39.04058,-76.483499
27.9910384,-81.9416874
40.7993868,-73.9706354
40.630419,-73.7034687
42.0424529,-87.845473
41.4821329,-75.6964258
28.8824135,-82.6303741
38.780059,-85.101662
44.6088607,-95.6737122
42.9810826,-70.9301622
26.174335,-98.18825
41.6831382,-73.9119682
32.7939818,-80.016949
41.993314,-87.7458598
40.9732955,-74.3558858
41.0605044,-73.5330648
40.1948065,-80.2132278
40.2605168,-74.9788094
41.726735,-71.3998438
27.5992913,-80.418045
40.6924092,-73.980367
33.0169325,-116.9526456
44.8894544,-68.6708782
40.7786277,-73.8259921
32.7429195,-117.1494725
40.6652221,-73.3965452
40.4181017,-74.2339323
43.0332686,-76.1122535
39.7404184,-121.8159909
29.8454994,-97.8408364
25.89398,-80.133553
34.145795,-118.4320601
44.961622,-93.215469
37.8627458,-122.1293316
46.832992,-94.441417
40.023496,-83.0191636
30.4340304,-84.2680165
40.60234,-73.955468
37.4115582,-122.1342559
29.6656682,-82.3746465
47.6260439,-117.4091598
34.8606811,-92.4166434
41.043198,-73.4908796
41.311808,-73.4787348
29.76,-95.36
44.563825,-75.21793
43.030708,-78.868866
42.4420382,-123.3121663
38.338075,-81.642802
41.084957,-74.373943
39.7849171,-99.3545796
43.6664365,-72.2201135
44.9231867,-93.1941185
38.91927,-77.0467479
35.614766,-82.418024
21.4002703,-157.9664236
40.0687788,-75.3584273
44.962491,-93.3257637
40.7032798,-73.6506755
36.3560552,-119.2380126
46.2118802,-119.2401408
39.6025772,-105.0132057
28.040796,-80.690687
27.0021714,-82.3666485
42.1974836,-71.6305375
39.0595082,-77.1044058
36.120444,-115.10169
40.3130258,-74.4489977
41.0964949,-81.5655009
39.6135639,-76.955237
33.1861635,-117.342102
39.7017441,-104.8765381
40.7892103,-73.9780213
34.3991094,-119.734056
40.7836525,-73.9521408
38.014896,-78.612843
27.9176337,-82.4568595
40.6669353,-73.6131348
43.0521238,-87.8958541
37.9027837,-122.2698502
42.0834853,-80.1235559
39.9625,-75.193174
37.7352865,-122.1560696
40.1867566,-74.9797696
44.9831476,-93.2659003
38.8668436,-77.1387182
45.6555563,-122.6037716
41.7737105,-70.0126513
40.913368,-74.537273
32.827276,-117.135836
46.5950363,-120.5556481
28.091846,-80.695103
39.6419399,-86.8570548
41.9905035,-87.8100097
36.9094723,-76.2140665
40.1127568,-74.0782988
40.1143639,-75.412445
44.91719,-93.007926
43.028309,-76.088713
40.023823,-75.183623
41.038339,-73.624313
29.3204529,-81.0536928
39.0880859,-77.1562973
35.0747425,-80.8488543
38.6483428,-90.3357427
39.000345,-77.1355899
43.7685746,-70.1961182
44.507273,-72.9026053
41.1711181,-74.0572164
34.4488906,-119.7938054
42.847878,-75.574946
40.1801314,-75.2055056
39.3601833,-76.553411
36.1230335,-95.8263203
42.0296525,-87.8235756
37.05592,-121.944152
34.0452233,-118.4743125
39.047618,-77.12992
34.0860876,-118.0898162
39.9027518,-75.0627536
33.826147,-118.186085
39.1190566,-84.8572274
40.3449111,-74.5950795
39.8814252,-105.0352955
40.7658169,-73.9771878
38.7678369,-77.2019047
38.80203,-90.306001
39.1993568,-84.2567664
42.502811,-72.438988
35.1450075,-90.0069009
37.6296673,-77.582955
37.3725967,-122.221039
37.7966366,-122.398018
26.8816862,-80.0565149
42.3260783,-122.8056823
34.1417263,-118.7003913
42.82,-73.94
34.146389,-117.973921
32.8141269,-97.4044364
41.629061,-70.936498
27.3376298,-82.5424398
41.5064754,-81.6136329
39.92932,-74.994253
38.069243,-78.471798
40.5075947,-80.0828685
37.942361,-122.097422
40.7798522,-85.180398
34.1596096,-106.9100192
42.4594583,-71.1500051
36.0871177,-79.5217529
27.8438857,-82.789994
44.9772777,-92.9524083
41.7935194,-87.5969485
33.4308766,-111.7478966
42.7122479,-71.4640353
42.359079,-73.661348
42.5304466,-83.371906
37.8861406,-122.2496446
39.9455004,-104.9326976
43.0996586,-89.3547355
43.0402903,-76.1113481
41.5118599,-74.5575689
37.8052943,-122.2639631
44.3341561,-68.574728
38.9177842,-77.0353326
42.996085,-85.442348
39.245022,-119.9572148
39.602956,-93.3391504
42.1312847,-71.3385221
48.821639,-122.354064
45.225575,-122.565862
39.77,-105.08
41.5031926,-81.4361556
41.9793491,-87.6543288
33.8649075,-117.780275
42.4482035,-71.3205998
41.758375,-93.595453
45.1308063,-93.3102328
38.9911042,-77.1313989
34.1668547,-118.1157498
44.5772236,-73.5644483
41.694211,-71.256508
39.948742,-75.512979
47.295842,-122.858124
41.2634615,-95.9931658
42.1655476,-71.9940552
42.2656364,-71.2010662
39.8717155,-75.6515026
40.279579,-111.661
39.621094,-77.6740852
38.993306,-74.8103084
39.1986745,-84.3877613
34.4308215,-119.7313673
40.026986,-76.3497502
44.8695526,-93.0414666
42.3522788,-71.1959757
36.048079,-114.970796
42.2902045,-87.9758467
30.3418553,-97.744649
46.7217735,-92.4611825
42.5826235,-70.8622626
38.9418433,-77.0449382
38.9949359,-76.6939359
36.6923325,-119.05186
45.179844,-93.899208
37.2453597,-76.7335556
25.8170095,-80.2960059
42.6138275,-71.4472642
38.717825,-77.801115
41.9929799,-88.1989833
40.4437677,-105.0836177
41.219767,-95.655346
41.1685324,-73.259997
34.6094787,-118.1693424
41.9074251,-72.8547528
40.290855,-74.735728
40.4069602,-74.7819528
38.8873968,-76.9919659
41.2077431,-73.738601
40.7765842,-73.985997
40.7389352,-73.2491629
