41.43546,-91.028098
40.8055545,-73.7311972
44.5764155,-68.7418292
42.4208974,-71.1954572
39.6516239,-104.9539201
36.6169786,-99.7473431
37.9358964,-122.1080436
39.025906,-76.539875
41.2006947,-77.2768251
34.79748,-82.257018
33.996112,-81.0274276
37.963988,-122.495038
26.5421077,-80.0451604
41.9088732,-87.6320389
31.5645485,-106.1909582
34.3577918,-89.5173451
41.6479665,-86.2301119
40.1710892,-105.1176497
39.9006939,-75.3447398
48.14,-101.39
46.8517637,-92.0185455
42.1061552,-71.2616155
42.6647674,-70.6757652
42.326104,-71.2090314
33.6339454,-117.7995243
35.6567592,-105.9224007
38.2264111,-105.4427608
41.3837104,-82.5657112
34.8500801,-82.2230475
36.0109321,-78.8889567
37.9901105,-122.5953437
34.5788038,-86.9433774
27.2510094,-82.4660116
42.9500861,-78.7949618
34.076695,-93.688771
41.6667599,-72.8880331
43.1584841,-77.4506496
35.818613,-106.198442
40.7837141,-73.9792168
42.1136858,-72.0082882
33.5568649,-84.3757903
41.1010635,-83.1803998
39.982862,-76.2699558
41.798967,-87.585908
48.569134,-120.195151
39.6573934,-105.0616117
42.4271397,-87.9132433
41.9163898,-87.6790937
34.6475599,-112.3407804
41.3073983,-73.5235785
45.5344359,-122.6998057
40.963643,-73.055937
34.006209,-84.2036849
38.2903337,-122.2884412
39.7137304,-104.9867838
41.967335,-87.694611
38.9366635,-77.0830799
29.743951,-95.4169872
42.948274,-76.541936
30.2900928,-97.6419788
34.37203,-89.4471317
43.8345538,-88.0207415
39.7490954,-104.9243167
29.5115022,-98.4629744
39.4082191,-76.604741
33.1256812,-80.0930912
40.7753716,-73.9509079
37.349546,-108.5828156
42.4565532,-83.4468771
42.3686224,-71.3070129
42.811192,-73.899606
33.8567814,-118.3972077
40.526208,-80.1440537
42.3633727,-71.1920711
28.4206992,-81.2378349
44.737001,-93.174654
42.2091405,-73.3239882
41.2983465,-73.6670495
28.971281,-81.9997274
34.3984481,-119.7122756
38.865,-107.949
38.8417875,-77.1490743
28.696623,-82.5258756
38.93274,-77.0864388
40.0077874,-105.2889788
39.9203211,-77.2990962
30.20456,-81.6370611
43.7065058,-70.8232645
41.7834598,-88.1083073
45.4172355,-122.6195611
35.6430304,-105.9420751
39.578783,-76.245014
38.455298,-122.615051
44.3313,-73.090592
41.13212,-73.3409456
40.7533821,-74.2656192
41.9541855,-87.6458258
40.9205063,-73.747422
40.5620136,-98.3824266
32.6158805,-85.4586336
40.7567088,-72.9539835
40.965946,-72.970242
32.298,-95.306909
32.6833841,-114.4264972
35.5683262,-97.6316064
38.5922539,-90.3381334
39.2092093,-84.608944
35.1282505,-120.5650646
39.6605024,-104.906564
39.1494158,-77.1997476
42.406784,-123.366576
42.4135634,-71.1577498
39.149056,-76.990735
43.0937523,-87.8931646
40.1099289,-88.2752087
42.1713921,-70.8715495
40.7295223,-73.9951561
39.7466786,-105.1375975
41.8854021,-72.8366114
40.018227,-76.367772
40.674861,-73.980026
41.2265152,-82.6224691
27.4359268,-80.3404366
38.713,-77.0653594
42.3504637,-71.1936276
39.1092756,-77.2431158
33.4701007,-117.6930284
45.1115496,-87.6226195
41.883086,-87.7914297
48.127299,-123.117223
42.2649454,-87.9468855
37.9502261,-121.9654884
40.91037,-73.352878
41.2222554,-73.3166885
37.8841078,-122.293496
39.8065766,-83.8952459
29.6072667,-82.3596504
42.068353,-87.8115833
34.1742611,-97.1436254
40.588209,-105.1362429
40.3153858,-75.1185053
39.012397,-77.0492964
41.888262,-87.799398
44.7375929,-108.761133
42.2435215,-85.9004037
40.8409736,-73.8456248
32.3394152,-86.2493941
33.6433381,-112.369255
42.277007,-71.788278
40.912345,-74.289748
37.39,-121.89
42.3048242,-71.2079599
42.1478102,-70.8343075
40.9257612,-76.1223272
41.8453607,-71.3928423
21.3399566,-157.8469734
42.0373212,-87.9093605
44.906183,-116.1171311
38.961144,-77.3317868
42.598687,-74.3329156
26.736663,-80.0776672
43.0766986,-88.0241005
40.1281028,-75.3589608
40.939733,-73.9634231
40.1715205,-75.2416457
45.4974677,-122.6703136
38.9176619,-76.8292564
41.4143003,-72.0614351
41.023291,-85.1095444
44.837659,-93.389047
44.0783878,-92.5257826
34.5691389,-85.6265203
44.9309508,-93.2038145
44.5434095,-68.4194641
41.237938,-82.320257
37.9020702,-122.0650155
41.1740964,-101.0359025
36.6768024,-121.6423799
43.388424,-72.4849861
42.8688461,-86.1188905
41.720866,-94.9250538
32.007303,-102.0877377
34.7161376,-76.6558867
40.7736224,-73.4936158
41.149266,-81.3244086
44.0480982,-103.2107516
26.119336,-81.77663
41.8804648,-87.6327974
47.5705943,-122.4079929
43.0155902,-89.2920989
39.8048969,-75.934588
44.003634,-69.2082912
41.855447,-88.127965
40.995903,-74.039702
43.6961975,-72.2880293
40.7729631,-73.9597604
29.5368458,-98.5466312
42.394159,-82.932872
38.7601,-76.106644
39.3639238,-84.3304714
33.156831,-117.1395756
37.3451872,-122.0907935
46.8099506,-116.9766704
40.7620403,-73.7910964
37.4774398,-122.2740712
44.777429,-91.520023
43.1484987,-77.5454254
32.7138095,-117.1683709
27.886161,-80.522383
32.6472225,-117.0705372
44.740643,-88.073685
28.1554671,-80.686351
40.8156644,-73.2786792
40.7536528,-86.0688811
39.6802141,-105.0649819
38.9678481,-94.5910668
28.724248,-81.778325
43.047082,-76.102962
47.3038059,-122.651366
40.6704247,-74.4035627
21.3254508,-157.8811783
25.900434,-80.1464768
42.4801023,-71.1485606
35.9499696,-80.3309193
40.7790188,-73.9452319
42.9703092,-76.2498651
42.3530198,-87.9001134
38.8071878,-77.049061
39.8208925,-84.0193789
33.8687321,-118.3948597
42.8390259,-85.689774
43.0128505,-78.7157315
40.7033401,-74.2748413
40.360126,-80.049553
42.4018568,-71.2271115
33.9544423,-84.4074404
36.14,-105.68
39.8131277,-75.5328355
42.0055848,-91.6416581
40.704713,-73.728218
42.5226059,-71.1869904
38.975226,-77.0565715
29.4280907,-98.4900183
34.4396281,-93.1820844
36.0256619,-83.891325
35.8834481,-78.675546
33.8188328,-118.3435058
40.7299087,-73.9863282
42.3866558,-83.3547002
40.1778679,-75.5176369
43.0438341,-71.8838743
42.8117414,-73.9099009
37.2280966,-121.8611129
39.8250814,-75.6755819
36.3103814,-78.5681835
30.310506,-81.678172
41.2443967,-73.0064737
43.094064,-87.882898
29.1640753,-82.1148682
32.3284878,-110.9107139
37.5664062,-122.2640553
41.8888459,-87.7914692
