46.5552591,-87.4207264
38.514636,-119.445349
39.0635064,-94.4065635
32.8372891,-116.9137286
39.768403,-86.158068
41.1503895,-73.4997504
42.1833574,-70.8870344
42.8441479,-73.730898
26.0443807,-80.3466206
40.048095,-75.3843042
34.9047455,-80.7614312
34.129065,-118.152607
43.1023636,-77.5630044
43.2548074,-73.0987801
37.7859202,-122.4865074
42.135841,-71.309147
41.659721,-87.8880447
38.0127006,-122.645261
33.5265213,-84.3300012
37.1696275,-95.7060659
40.760736,-73.721491
40.7395699,-73.4435459
40.5803412,-75.5003432
40.9515647,-88.1523611
34.03744,-118.5229201
47.6272025,-122.323238
41.5814809,-85.487308
40.665883,-73.976603
41.1953941,-73.1181195
41.1671645,-80.6356861
44.7383744,-92.8732049
37.460791,-122.222541
30.232925,-93.319219
39.147463,-77.195852
42.3456711,-71.1175346
35.1779099,-106.5375893
44.0486329,-121.3484392
32.2769007,-110.8979947
37.9564465,-121.2832657
43.7072496,-72.2687998
45.3069556,-122.9659547
40.199782,-75.0705324
45.0509333,-93.4345333
43.1947126,-88.712776
47.7788166,-90.1978289
32.9930153,-96.6941971
46.2569184,-99.5570567
39.9692672,-74.227603
43.9069166,-70.0186809
41.0759656,-73.5751114
38.8647549,-77.0843609
36.1803503,-86.5844811
41.0291767,-74.6757818
42.2372797,-71.4416337
40.952395,-74.854536
43.8870032,-69.5571596
40.9579421,-73.9690045
44.997094,-93.353128
33.990825,-83.489419
34.096565,-117.7352012
41.9331572,-87.6579908
40.7319807,-74.2580613
30.2541554,-97.7711226
38.3066181,-122.0299646
34.1534663,-118.3803835
43.8130703,-91.225593
26.0023209,-80.117422
42.4125557,-71.1577038
33.7616423,-111.9139562
32.6239289,-116.766677
38.0015894,-84.4867633
47.6160688,-122.3252502
38.966899,-77.0619698
41.7657872,-72.7194953
43.2033814,-71.5560678
29.5512496,-98.7130654
39.7608158,-84.191747
37.8984004,-122.2817479
34.3990599,-119.5272323
40.8551618,-73.935547
38.9074946,-77.1810517
41.581391,-83.601622
42.6300285,-70.7496175
42.2836296,-71.2463348
34.0147845,-118.4582176
28.158835,-82.7840673
42.9573337,-77.4607734
41.4830628,-81.5358486
27.2683814,-80.4311743
47.679546,-117.3785683
40.369032,-80.038884
42.4546401,-71.0793262
44.9546507,-93.006139
34.6882746,-92.9968382
38.555718,-121.778516
40.88194,-73.9204639
39.2314251,-76.8678455
44.0233428,-91.6169174
29.0252776,-81.296651
41.8472808,-88.2944946
48.4779232,-120.1861956
38.791961,-90.351356
44.857868,-93.381268
40.3258776,-75.0289776
39.828968,-86.1576865
26.1097319,-80.1351238
39.1644199,-119.7809347
47.3518436,-122.1644141
42.9124945,-88.0426896
38.7921445,-90.3705309
33.8585492,-118.3974288
42.9057041,-87.8747113
41.8183481,-87.9931936
33.2260689,-111.7993688
41.4577393,-70.6148725
34.2249546,-118.5127488
33.4137368,-111.9474252
42.0290212,-88.0861637
42.0274244,-70.7375074
40.789089,-73.979861
44.138035,-87.677383
38.7419719,-77.051851
47.5116792,-122.1602825
38.908354,-78.1305299
39.6061484,-104.8554425
42.3797176,-71.299508
36.562866,-121.734646
37.768003,-122.451939
42.2317236,-85.6183221
34.076127,-118.647255
41.9034585,-87.6296443
41.798521,-73.5358
40.7830664,-73.9714135
42.4920201,-92.4457696
40.4133673,-74.1153907
38.8817588,-94.8293608
40.7113227,-74.2910223
39.500384,-76.3631865
44.734523,-75.426796
41.3207533,-72.9693232
36.01774,-79.974974
34.0821094,-84.284447
42.4809243,-70.9058282
40.7830244,-73.9788766
45.4064969,-122.4769017
40.6050905,-79.753338
42.2396937,-83.7248351
42.466268,-83.140382
39.4925932,-74.4679398
40.7088951,-111.8266305
41.583821,-73.883981
45.4852243,-108.9704265
40.2218684,-75.1259047
29.5636481,-98.4264017
44.8319916,-92.7721624
41.5608194,-83.8224658
42.4783895,-83.1435295
39.9342196,-75.004362
37.9241018,-95.5356649
36.810619,-121.3581096
32.227623,-110.850119
38.7830826,-90.5929991
40.7676624,-111.9193898
41.9343732,-87.7914789
42.4674772,-76.4597758
27.3486782,-82.5484507
41.8397209,-90.18998
33.741694,-118.318118
42.4829753,-71.823359
42.3772884,-71.1343901
30.4119017,-97.7637833
37.876434,-120.397979
35.4139585,-114.1985922
34.052984,-118.2511908
44.9357203,-123.0208784
44.5000584,-73.0798522
43.0311413,-76.1063792
38.9595232,-77.2284535
42.8374274,-88.736257
42.6563735,-73.7520467
39.689061,-104.7898996
61.1326041,-149.7953903
44.9504769,-93.2188617
40.73717,-74.572909
39.418438,-76.565237
29.54586,-98.5066692
39.214019,-76.820873
39.792422,-104.9541898
37.349499,-122.0729944
38.8216821,-77.1531991
35.6012707,-82.5494241
32.2628073,-110.8977172
42.2674001,-87.8355966
39.9450628,-76.701966
40.9567185,-73.9521224
26.0417852,-80.1956079
40.5276697,-79.8018341
29.9933524,-95.5898529
45.5027317,-122.8564381
37.1822478,-77.3697309
39.522329,-85.79167
40.3660341,-75.9136608
42.308116,-83.803976
42.1335868,-70.9265358
46.4194704,-87.4185396
34.116887,-118.590645
40.7706748,-73.9802006
41.1199114,-73.532934
40.691976,-73.9949021
40.0224891,-105.0373973
28.3230807,-80.6853259
41.383401,-81.808672
40.8343122,-73.6989854
42.0195867,-93.6777934
42.5250569,-93.2810693
40.8919523,-74.0530504
32.8065056,-117.0222027
36.871594,-119.7480845
38.9304957,-77.0882998
37.4545258,-122.1855117
44.94048,-92.928033
41.9586187,-87.7497065
40.7891915,-73.7228786
39.2901641,-76.5859369
42.1932663,-88.0465628
44.844129,-93.793699
42.3528096,-71.0730967
31.51876,-97.224957
26.0068678,-80.2302225
34.536071,-112.454833
42.3972377,-71.4339461
40.3497123,-74.7546112
40.7515453,-73.9735893
32.8164445,-117.2498692
