32.8344344,-83.6481626
29.976173,-95.5978655
39.217944,-76.0533691
45.5941837,-122.330615
43.0216698,-83.7953655
39.742785,-105.0516853
40.3292607,-80.0163689
44.942439,-93.430592
35.6276553,-80.8928477
47.8648243,-122.2794027
41.826029,-88.195676
33.2222467,-111.827187
41.3763687,-73.4581877
42.4261289,-71.165919
37.8881151,-122.2699534
38.0165999,-84.530158
40.6335406,-74.3611122
39.2701073,-76.7041704
32.4475569,-84.9330551
40.7310904,-74.279032
40.7338089,-74.261049
47.315971,-93.192282
42.1068254,-88.0280928
39.3698263,-76.4548626
39.4832455,-80.1732635
39.7697098,-89.6995881
29.3605467,-94.9738367
41.604743,-93.807472
39.0057614,-95.6392047
42.341063,-72.6504417
39.7442591,-84.1398528
34.1420319,-118.1441069
41.679622,-73.918496
41.807381,-91.3962899
40.0064743,-75.336378
41.0795032,-73.9186792
44.013694,-123.121265
28.9540755,-81.9338375
38.911387,-77.046055
40.7718324,-73.6709496
42.0883401,-71.1834227
41.5068444,-81.6913102
43.2091533,-77.4226677
25.739263,-80.2480194
37.9921264,-84.5496663
33.143495,-117.045602
37.8828629,-122.247505
43.0958302,-89.3550239
38.3948156,-90.8183104
42.5614285,-83.3388463
41.777136,-88.1162304
38.9964395,-77.0890018
40.9429356,-73.7598333
28.0259382,-82.3673234
41.2229229,-73.4900661
40.045478,-75.1964409
40.511817,-74.494153
32.9549801,-96.8002983
35.1353374,-106.5075709
43.3663821,-70.4312308
39.872729,-74.9755122
40.0350113,-75.196974
41.813926,-72.53213
40.1879677,-77.1550411
40.7340058,-73.9955235
30.2051597,-97.9144369
32.4509525,-99.712612
37.1154652,-76.4381639
41.8310361,-72.678128
36.233112,-83.251415
42.1573414,-88.1256379
42.261323,-71.2655289
37.550158,-122.279105
33.815098,-118.381585
41.7809407,-88.1660892
39.8393348,-88.9242011
44.08,-103.2099999
42.738405,-87.8259973
28.6666432,-81.3192089
33.158136,-117.3227518
40.366708,-74.6602908
37.5883624,-77.4534107
42.0088216,-87.7803016
39.952411,-75.1725126
53.5283454,-113.5328776
38.2760493,-122.2966918
40.4049215,-74.026244
33.8482978,-116.537531
38.680527,-77.034358
59.6425,-151.5483333
42.5449109,-83.2017603
38.344821,-79.036211
34.0635076,-117.1583289
40.0502587,-75.274777
26.108629,-80.1430757
37.41031,-122.1028827
34.0361279,-84.75277
40.7433901,-73.9973776
42.7329481,-84.4592642
40.5536968,-75.4419874
29.7013564,-95.5445893
44.9755224,-89.6436531
43.790495,-88.443796
43.6888685,-70.2682102
35.208715,-106.7205798
35.24308,-112.197403
40.9440397,-74.2512651
42.1268377,-87.8047939
38.831774,-77.247683
43.073111,-89.4397958
38.6566331,-78.1358877
38.6523055,-90.3406534
40.7731666,-73.9660128
39.7274147,-83.9884966
42.6889656,-87.79833
40.7791157,-77.8754601
40.949303,-73.757289
45.5112191,-122.6767722
42.900301,-73.911411
21.425584,-157.80184
35.9820074,-87.1213953
47.4337157,-111.3168991
38.8808231,-77.1498316
42.3463888,-71.1174984
39.3742938,-119.8244424
40.6932236,-73.9827568
33.5072155,-112.19312
41.108654,-81.5422664
42.1261566,-72.6381933
43.0559964,-89.3839071
27.338266,-82.588466
44.3637434,-68.7500351
39.6302254,-104.8092046
39.0116264,-77.0099918
44.6426255,-86.2478339
40.6221589,-74.1317043
39.584822,-76.320649
30.3293181,-97.8769522
38.0133749,-122.5682004
33.048674,-117.0502841
26.3628204,-80.1924314
38.9829981,-77.1035293
38.864012,-77.209945
39.4591026,-77.6743067
41.3178083,-72.9527044
34.2162069,-118.6419158
43.1032758,-77.652714
36.609164,-82.109014
40.7247191,-74.0104169
37.905895,-122.5425224
33.5531479,-111.8929284
41.0102369,-73.806687
36.347963,-82.3694093
42.4357868,-88.1845511
34.7616485,-92.3237494
36.58199,-121.864481
47.2594452,-122.0611534
34.136468,-118.409005
38.168266,-107.687229
43.8318574,-70.20023
39.85498,-86.1483006
33.4626599,-88.8210443
42.5804096,-84.4496859
39.7675005,-121.8278742
33.3032114,-79.2947508
30.3151408,-97.7557093
29.6742779,-95.482039
39.0642747,-77.1914901
39.9982136,-75.2508229
42.421937,-76.430345
45.5607029,-122.8556037
42.456876,-71.1669167
40.0865692,-76.3000564
42.4216356,-71.2005766
36.999806,-121.9571422
35.229285,-97.5082672
42.6578824,-94.6904536
39.1063097,-77.0612878
38.959846,-95.2563384
40.786882,-72.79908
42.191059,-75.848108
44.0467017,-92.475094
35.621247,-87.0848993
42.2871605,-70.8729766
45.5278908,-122.8642712
40.6564357,-74.3115869
41.8745267,-88.1193763
51.5194426,-0.150309
39.084892,-76.609887
40.436278,-74.5328488
43.1965546,-77.7013928
36.5889197,-78.9826604
41.1712668,-73.4660501
26.1015018,-80.1303495
40.2131136,-76.9662644
28.1765682,-82.5299938
35.8872999,-80.546401
42.4243847,-88.0300434
37.8619997,-122.2242666
39.7721702,-75.6033523
37.7906166,-122.2775892
40.6530207,-73.6463042
35.1725943,-120.6995285
43.7974761,-72.3677484
41.7675726,-72.7447582
41.8470077,-72.5030268
41.7145455,-71.1274745
40.8042955,-73.9654585
47.6748472,-122.3125652
39.7499956,-104.9178407
42.2524644,-71.0845614
38.805623,-77.040531
34.2815972,-119.1974295
37.9096467,-122.1822427
40.808715,-73.9591834
40.7239216,-74.2757965
36.3998098,-81.4968873
42.262271,-83.738005
42.4605336,-71.4625619
37.3706508,-121.8413409
32.8483655,-96.6327773
41.7659196,-72.7435979
33.816742,-84.3364414
40.1892914,-105.1610772
43.1075641,-75.2546098
32.3630585,-90.1475822
42.424464,-71.211446
38.0455415,-84.4948814
33.6850474,-112.3676996
37.3871151,-122.2264493
30.6551751,-96.3944747
40.4497458,-79.9332561
41.4021882,-73.5582139
42.7539591,-76.7024485
39.073071,-77.181232
33.7911438,-118.0942957
46.456901,-90.222274
39.5073111,-84.7398954
40.7330008,-74.0005218
38.96,-77.09
34.150666,-118.3780713
40.678082,-89.498713
41.1317476,-73.8371289
42.3157956,-88.9948937
35.914149,-83.9881979
41.0573834,-75.3400233
37.3726283,-121.8069738
26.6194328,-80.1804445
37.2387556,-76.5096731
39.3661215,-82.120766
32.9008588,-96.7356204
40.7937731,-73.9690284
38.7736078,-89.9853657
37.8263329,-122.2511237
40.6511167,-79.9391501
42.994425,-87.973106
35.277678,-82.522908
39.9452752,-105.1502664
39.0467311,-77.3900528
39.6538648,-75.7457332
40.9978773,-72.2925819
39.223512,-76.8645633
28.6383504,-81.1445194
39.000272,-94.4968656
39.9992912,-75.3334567
42.3937499,-71.1137043
44.9195004,-93.1931347
