39.5709734,-76.1322633
29.9170271,-92.0397124
37.47949,-121.8982584
41.428368,-75.645079
44.3008467,-96.7874509
41.664474,-72.6015302
37.86123,-122.076353
38.9328122,-77.0684084
42.2675855,-71.354932
38.7676937,-77.2022998
41.0258868,-73.5537525
40.0284195,-74.3016127
42.05749,-87.722478
32.7001264,-100.9420194
41.8387901,-71.3924816
45.077386,-93.0653216
33.7999876,-118.3865564
44.5684325,-73.2407756
47.108952,-121.6085
42.1768877,-122.6566863
36.0145366,-78.9685642
41.0349568,-73.5645956
43.867279,-91.23739
35.3279144,-120.8247676
42.6980867,-74.9343488
41.958741,-74.135948
38.5686404,-121.7300222
39.9921853,-83.064512
29.6015801,-95.1020296
43.0684887,-89.4316868
26.3396891,-81.7846973
46.818481,-100.773392
40.5405309,-74.4441246
44.0536805,-71.1284041
41.992919,-74.208123
37.6117878,-122.0305432
41.4096051,-73.3026359
41.7640451,-88.121071
32.8612197,-117.2383731
37.438754,-79.3237584
41.769229,-88.053976
42.858439,-73.297782
30.623551,-98.1039361
44.6397787,-85.6592605
40.740194,-73.04983
39.950113,-75.1761212
41.2306981,-89.9239425
42.4495146,-73.2493233
42.15435,-71.2297079
34.0859117,-118.4853167
41.1318539,-87.8700604
34.672146,-92.942971
46.8411105,-96.7213309
43.7257759,-70.2549214
42.2667004,-83.7257248
40.880191,-73.1380439
29.4739991,-98.7390075
34.389002,-119.495636
38.8739531,-77.1443719
35.692395,-82.535272
40.8073759,-81.9357728
39.0858317,-77.2226992
32.8047742,-96.7625399
44.3031021,-69.7831089
42.7000559,-73.85361
39.8631051,-77.9519394
42.7969433,-71.1311063
39.3783746,-76.9713503
41.6439191,-81.3854493
42.732054,-73.7330724
42.078677,-73.377511
36.8914666,-76.2974614
39.42845,-84.438011
27.3154669,-80.3079863
39.6923274,-84.1609243
40.3870938,-74.656093
41.2204574,-73.1041305
41.281693,-70.0968202
27.9863714,-82.7440072
35.5678956,-88.8115923
33.7885102,-84.1082534
42.051588,-74.110574
38.9239275,-77.0433075
27.8751048,-82.2749486
33.5366437,-112.0816631
42.473053,-78.940564
37.7454194,-122.4314965
36.0042401,-84.9040086
41.180994,-96.060091
33.6138259,-111.9359452
45.082687,-93.2968308
25.7059596,-80.2516038
39.9880422,-81.1716728
39.9754655,-86.1539366
35.994531,-80.431627
38.9801167,-76.9536578
44.956061,-93.221332
40.166046,-77.424801
38.2757401,-78.3055019
40.7450975,-73.539967
44.2893036,-93.9464665
42.3823112,-71.0215842
29.7241001,-95.4444219
42.3330949,-72.6410601
40.1442115,-105.0992629
38.9043974,-77.1465626
33.0378113,-117.2595049
38.9605866,-77.1774407
46.8693699,-114.001679
42.5113855,-71.2056182
40.6477063,-73.5781022
38.944668,-76.506324
33.7960972,-111.9341982
47.5245061,-122.3798488
41.7276275,-72.7545809
45.1872112,-87.120945
38.8761398,-77.1386633
41.637572,-93.675307
43.814831,-91.217853
29.5723863,-98.267452
39.199184,-84.414964
45.0004961,-93.1722331
43.6930397,-72.2665658
38.9715067,-77.0555467
40.8909518,-72.5240436
40.7803229,-73.4046723
44.9105429,-93.3236399
37.5176572,-122.3034759
39.6175906,-104.9803057
40.8671273,-73.9031721
40.7561981,-89.6128521
43.7632565,-70.0246601
40.3465833,-79.9760001
40.7556655,-73.9078958
45.0666557,-93.3691053
44.716299,-73.491055
41.0579683,-73.5658882
30.631176,-87.871286
39.8600826,-86.0873107
47.63975,-122.413459
30.4109342,-86.9123217
45.0383152,-93.468294
39.6455656,-105.0574941
36.9684981,-121.853347
37.550028,-122.283515
39.8101496,-83.8933151
44.2909491,-121.5492119
34.0926028,-118.0588226
40.7848245,-73.9519795
40.312786,-78.93921
42.2686624,-87.9301469
42.46004,-92.3681477
40.4136988,-74.2063721
39.7354632,-104.9690795
42.8470003,-71.5989192
44.751076,-92.799373
41.062343,-85.138189
40.8765573,-74.0068049
40.406601,-74.25347
43.8962379,-72.4598668
36.5049013,-101.7943538
40.612685,-75.481241
41.5116017,-81.3330363
32.079528,-81.0900806
40.751959,-73.9902854
41.4406526,-81.8750297
37.8847179,-122.2666273
37.8266914,-122.2508143
40.8939319,-74.5725143
39.996217,-75.2575449
38.5727342,-90.4262175
33.7892879,-118.1323747
39.899293,-75.479908
42.4180304,-90.4284862
43.0580866,-89.4416406
40.6142362,-105.0511529
40.681419,-73.660443
42.4767066,-71.3976332
41.6940361,-72.6017834
37.779967,-122.475384
30.314993,-98.9245343
47.6216129,-117.3851234
35.8817228,-78.6765198
39.2355313,-84.2446558
41.2651521,-95.9678725
47.027901,-122.953485
42.0917471,-78.4950328
42.278828,-122.890989
40.732778,-73.9934805
40.5923255,-73.580684
43.0322927,-76.0679399
33.9569707,-80.9021104
40.3196825,-75.1340841
42.7550772,-84.5110969
28.1127197,-82.5606269
40.8738006,-124.0879571
41.9882943,-86.113338
37.7740239,-122.395917
39.7555726,-105.1586619
42.9553745,-85.5657321
42.2942037,-83.7687852
33.3291171,-111.7099607
40.8042104,-73.968208
42.2070215,-70.8119939
40.8507254,-73.2669975
38.8674129,-77.1369089
25.7956591,-80.2164802
37.7880744,-122.4532617
37.7547042,-122.4234364
35.860087,-84.382364
39.0503791,-77.0274398
35.962404,-115.095045
39.1933733,-76.8926398
32.3208185,-110.9532051
38.44,-122.71
40.3420664,-79.9626726
42.4204033,-71.1717792
40.569205,-122.3489177
41.7534166,-72.7403674
37.2351677,-121.8210206
44.959555,-93.432142
42.3760324,-71.1307252
42.2811558,-71.063723
41.4584706,-72.0860854
47.4287944,-120.2854193
38.0039861,-122.5494274
41.8592869,-77.8235387
43.5532544,-90.8813143
33.8966096,-117.9139121
32.7642876,-116.9599198
42.743638,-84.454741
33.7834649,-118.405286
44.378466,-120.727857
30.24,-81.39
39.8421626,-88.9063052
35.505416,-82.5105834
27.7872243,-82.7480019
39.4794933,-90.8919697
38.9400728,-76.9873923
41.034288,-73.8732366
40.764801,-73.798371
42.0944147,-72.5228428
26.7084209,-81.8936842
41.797344,-72.7700904
41.139002,-80.749486
30.3247557,-97.7412126
37.8872129,-122.2833472
40.8880656,-79.8831359
39.729916,-76.396319
