34.1068103,-118.06575
46.8578434,-96.7556896
40.3532933,-74.6628313
37.4070941,-122.1031132
40.9931529,-74.2814757
41.098956,-74.032083
40.9634335,-72.1848009
30.0212865,-90.218997
41.652568,-87.808289
40.0015972,-75.282664
42.3419448,-71.2035742
41.7948465,-87.7185527
43.1013943,-79.0295474
39.7371424,-104.9669047
38.0158546,-120.3029656
44.6897486,-124.055508
33.8174194,-118.0555568
29.0722,-81.322078
45.4622342,-122.6339465
35.3164498,-120.8470861
33.9848397,-118.4542682
35.6617772,-105.931516
42.4457,-83.4827884
43.524724,-72.2689474
39.0663508,-77.193157
41.301722,-82.2144774
41.9907636,-70.0562686
42.8711934,-76.9916904
34.1060408,-117.7196358
42.2300815,-88.3659762
39.7542992,-104.930803
43.805416,-91.221076
40.7399827,-74.3884583
42.498064,-88.270912
32.943239,-117.216176
38.593274,-90.419744
40.0094731,-75.2820098
34.1987972,-118.4570494
38.8165424,-77.0396919
36.992045,-121.983522
38.0190849,-87.582959
41.902287,-71.507535
44.413022,-68.2607978
44.0967991,-70.2357825
40.7891285,-73.7161232
44.9676419,-93.2154275
41.756509,-71.339857
26.3048421,-80.2278991
38.9805265,-77.0180036
40.0988226,-75.0399866
37.279455,-122.0094365
38.9853084,-77.3378368
31.5685632,-93.4849044
47.078963,-122.930467
37.9311761,-122.0817603
39.6216615,-104.8138808
39.859842,-75.147504
41.4946924,-81.5212141
38.977407,-77.0644569
41.7300223,-72.7048359
41.659954,-73.66037
39.0003616,-119.9525689
38.995417,-77.0488927
41.8803427,-88.3887332
41.7162587,-72.5479173
45.073481,-93.506791
41.2976617,-72.3223831
40.985217,-73.8690016
27.3188561,-82.4952119
44.9166151,-123.0339916
41.819007,-87.8914865
39.6633917,-84.1784263
37.9073098,-122.2924864
45.7205285,-122.6377432
32.844069,-96.964026
38.7301054,-121.085017
38.757926,-77.2286541
36.9222941,-93.9275952
41.7705152,-73.8907688
38.1822107,-83.4389543
40.763565,-124.120407
40.049572,-82.395534
39.7218958,-104.937671
43.6039127,-71.4179318
26.026309,-80.1947425
37.3361412,-122.0538478
46.561205,-112.173034
42.0456045,-87.7177831
40.5752099,-73.9667901
38.8090654,-77.5962252
37.2821249,-76.7287335
40.805773,-73.9671369
42.3430384,-71.12861
35.7097949,-106.009907
41.6701529,-70.0568831
32.742574,-109.722975
42.3409545,-83.5143274
40.792659,-73.9663826
42.434368,-73.247865
42.3744287,-71.1240135
43.970586,-76.187045
40.7445267,-73.7755309
41.8057668,-72.7673729
42.3965221,-83.5970465
29.8615248,-95.6214009
29.5575046,-95.7447674
43.219318,-71.5097185
42.5951179,-83.2837253
45.4707855,-122.6279273
32.683587,-97.1432363
42.4204787,-88.6077345
34.1297181,-118.3496081
41.4669632,-73.391396
38.7389106,-120.8053824
44.873221,-93.3481494
41.3182387,-74.2211579
40.827423,-74.1143875
42.383849,-75.339397
39.351033,-104.8186829
42.193463,-122.7100114
40.8292573,-73.493729
40.6606482,-75.3793831
43.058153,-77.479303
37.9268683,-122.528214
40.128487,-75.111237
41.6670393,-91.5219273
38.9364364,-77.0369001
42.0176339,-73.3313041
37.8458009,-122.2784526
29.2836598,-94.8700317
34.009213,-118.387814
39.755308,-84.069197
33.770462,-118.4133259
40.4868493,-78.5457566
40.6983738,-73.647639
43.719606,-90.1591254
38.897744,-77.145557
34.1315518,-118.4684333
29.7583724,-95.5446759
42.6228046,-71.3307801
40.6865272,-73.9863599
38.3065885,-122.0288883
35.2435163,-106.6626747
33.280256,-111.1082328
40.0987571,-88.2166959
38.9389108,-80.8181749
39.0827449,-76.5267318
33.3208833,-111.8843529
40.0053802,-105.1751174
39.627472,-105.119413
43.0285927,-77.0978427
41.1367301,-81.486289
37.9936612,-121.7868461
58.307,-134.423
42.0577707,-87.8112083
37.8017258,-122.1991257
33.6706258,-117.8014958
37.7974718,-122.2520737
30.6036707,-96.2855037
45.5561524,-94.199675
39.9133034,-75.3477251
58.3601642,-134.5764397
39.6601233,-75.5749906
61.1827982,-149.9357808
40.983268,-74.116498
33.6059462,-112.0845766
39.032248,-104.654908
40.4197853,-74.5719973
40.790005,-73.548844
33.7801353,-118.3881161
27.3326539,-82.5415715
34.4237443,-119.8736177
37.7514153,-121.9437608
40.2369233,-74.3030735
42.3879169,-71.3521047
36.140598,-97.061668
39.3209558,-77.4274513
41.3983403,-71.4893013
34.020211,-118.39084
42.6230353,-71.4195118
33.5947741,-117.7279003
43.0459625,-87.90019
38.8883732,-77.1399382
34.0748249,-118.4670351
40.2873953,-74.6409868
40.7346986,-73.9868592
41.2683378,-72.6392656
27.945548,-82.809386
36.6830775,-76.9396829
40.7797017,-73.9857936
42.056056,-77.038152
48.272138,-122.669991
42.8073172,-83.353747
37.7905876,-122.3928348
44.257294,-72.575615
41.0547742,-73.5718447
41.885885,-87.823252
37.646043,-77.628354
39.6899259,-104.9408865
43.077491,-89.381728
41.7709845,-70.0653828
42.1861804,-71.3212623
42.659425,-74.006393
39.239361,-94.9074803
43.662164,-71.7399845
35.0693573,-106.6093838
42.3198199,-122.9644046
39.2673294,-76.8231953
39.4309321,-84.5690686
37.8888486,-122.2634999
39.1792219,-84.2849497
37.7387131,-89.0757819
33.7155941,-117.8157107
29.5826895,-90.7440296
37.0133409,-121.889469
39.050977,-77.166455
44.4178973,-73.2155343
44.8990113,-93.2765521
42.9418161,-87.9893639
33.100952,-96.703784
43.8689723,-85.5041597
42.1201666,-71.5502485
40.8215744,-96.6082519
39.1303626,-82.9695557
42.4052426,-71.5703327
40.3663226,-74.6363846
45.6031424,-122.5127661
35.095098,-77.0950933
40.374392,-80.043629
44.9084934,-93.3000805
42.4629816,-71.2352421
33.671263,-84.396322
34.4015801,-119.7249131
44.9020745,-93.3649787
41.3458089,-73.3709399
41.8979886,-84.030527
47.6974407,-122.3583287
26.1419027,-80.2615878
44.3871759,-68.2051461
34.0751234,-118.3623295
45.5106678,-122.6444073
