38.8807263,-77.1472409
41.469117,-72.9092927
40.208987,-75.264414
37.7826678,-79.4611461
40.1881582,-105.0666232
43.2333634,-70.7201258
37.3718902,-122.0745458
37.253956,-76.7235422
40.8844341,-73.8895224
41.8130638,-87.9803681
40.7737324,-73.9553281
44.9862364,-93.137254
42.436472,-73.235621
37.6842276,-122.1218852
38.919315,-77.1520833
33.821015,-117.957718
39.007652,-77.1042905
40.762682,-73.110676
37.644784,-77.638642
37.886597,-122.2768648
40.7904863,-73.9688249
33.127918,-117.194393
43.083413,-77.5464564
42.2877894,-71.4418168
41.880675,-87.6255171
40.1809219,-75.548714
45.0399979,-93.2269528
42.3466664,-71.0747295
39.9965565,-105.1253093
42.9611212,-78.7517818
37.8277339,-122.2085022
37.5705886,-77.4874467
43.0590386,-92.6871715
43.0756919,-73.777936
39.369391,-74.559792
40.685043,-73.968552
40.0504578,-75.6373375
37.2353707,-121.9820848
29.5372064,-98.5137008
42.44608,-71.2167127
35.105907,-80.7360308
33.880525,-84.557382
41.673678,-81.232086
40.8684026,-73.4474672
42.4139013,-71.2293628
29.6719634,-82.3950502
47.7183324,-122.0327328
29.6872424,-95.4744059
39.3317278,-77.5793712
39.1427292,-86.5102539
40.7793348,-73.9869596
38.9154058,-77.0304179
44.9127727,-93.1472535
38.9599572,-77.0723167
42.5994502,-70.97029
38.967892,-90.425484
40.794574,-74.270491
41.5934525,-74.3274419
40.8213066,-74.464739
32.172925,-111.105138
43.0615839,-84.9564289
34.6704099,-82.7971729
38.9875994,-77.0190617
40.03745,-75.4080622
29.6781901,-82.3791152
34.1,-118.33
41.282779,-72.6059779
47.5446669,-122.266349
43.1066158,-79.0261747
47.6105591,-117.3825718
41.3132407,-105.5907938
41.6167099,-86.4317668
39.616532,-76.492079
32.2257979,-110.8733808
33.761116,-84.32964
29.5193481,-98.343842
40.1475441,-75.0442603
33.5387084,-112.0938106
61.1117148,-149.9223219
35.1100921,-80.8565957
33.490039,-117.7226807
35.7243847,-78.7921867
39.6427719,-104.7774222
42.4241526,-83.1372238
21.2853327,-157.836007
39.1077056,-84.4962293
33.9896446,-80.9994288
44.9549053,-93.2056486
43.126335,-77.580679
37.3144185,-77.4760888
42.6715832,-73.7974502
42.1792443,-73.525026
37.1041706,-76.5335488
33.433803,-117.619282
42.7495999,-78.8028698
40.5950673,-75.5634136
33.6051209,-117.864093
41.796381,-69.9720675
41.0941415,-83.1803488
42.3466896,-71.1218528
39.2232406,-123.7680598
39.7044383,-105.2753378
41.197959,-73.565273
34.7702851,-92.3818875
41.7823146,-87.9678319
41.1762196,-73.3884863
35.5189335,-82.2186687
41.0839883,-72.3559166
44.9452941,-93.3036869
39.0117093,-77.0715883
38.1004938,-122.6197182
39.9181109,-75.5347676
40.2384761,-75.3050571
32.8456307,-117.2725782
40.9706853,-74.261101
37.8328475,-122.2505647
42.1888869,-83.7780248
39.540392,-77.525476
40.185132,-79.339944
39.360386,-107.074488
42.173599,-87.8722151
39.0279617,-77.0280333
37.3583097,-122.0885592
43.0451185,-88.0656299
35.8863276,-78.6852759
47.4047308,-91.1904506
38.9645473,-95.267224
31.645443,-89.5553465
40.9589901,-73.7242855
41.8641995,-87.8051058
29.6672582,-95.0747386
41.872678,-79.54614
38.074817,-121.210834
39.2802226,-76.6107457
40.203899,-82.875584
37.6749144,-121.7304532
34.2632819,-80.601671
44.9417396,-93.2534239
25.693126,-80.384553
35.9704377,-78.8156254
41.0380206,-73.6099764
40.2320475,-74.0234435
48.549687,-109.681053
44.9944872,-93.2983975
41.9870605,-88.3926144
34.053226,-81.135739
34.698569,-76.802871
37.7507879,-122.4105751
37.7364955,-97.4871291
44.5878469,-123.339265
40.0921552,-88.2029556
41.2833976,-73.4337563
40.343761,-74.05533
40.426851,-79.922817
38.974398,-76.497753
40.7760419,-73.9567859
40.6575101,-74.2026796
43.2089974,-77.9420814
42.3445737,-71.0900107
40.7272178,-73.9852599
41.9061574,-87.798437
44.9735928,-93.4401872
41.4739383,-81.5781024
43.059393,-89.4872964
39.835637,-86.1924335
44.4637883,-93.1699211
26.36,-80.08
40.2740312,-76.7806065
47.312777,-122.3323908
40.732785,-73.9963495
35.3740923,-118.9261954
40.7239215,-73.9855509
42.92583,-85.518144
41.3320976,-72.1007097
37.925689,-122.040476
44.8242389,-91.4177777
44.248364,-88.376738
35.184787,-80.850982
40.0506573,-83.0488073
41.3874452,-73.0127824
37.986386,-84.507869
37.886421,-122.274327
42.5776364,-121.8661258
40.0005468,-105.2772804
33.9794248,-118.4100793
33.745861,-116.3453846
40.6250102,-74.5537725
35.48845,-80.843632
35.204228,-82.749532
40.6425266,-74.3809155
39.0742966,-77.0632707
39.851348,-105.139818
40.3744784,-80.0732823
39.072392,-76.977708
39.7646439,-105.0958043
42.043786,-87.68097
39.2715123,-84.3222253
44.8705272,-89.2151134
39.8533097,-105.1047819
42.3784351,-71.2971087
40.021378,-82.835871
39.3383698,-76.6316805
35.931825,-79.019424
36.1296114,-84.0598244
26.335346,-80.0745139
18.3885981,-66.0115733
43.6841032,-71.4561215
40.6820381,-73.9780056
40.9771708,-73.9433454
34.8595216,-82.3904489
40.2167885,-74.8881085
40.4378014,-105.0832901
39.045698,-77.186229
40.3202418,-78.9587043
29.740816,-95.489237
39.408521,-84.299259
37.5939894,-77.5991265
40.175658,-105.1288163
42.0090497,-87.7084517
38.9575939,-76.7918092
34.2827772,-118.509838
41.705143,-88.0789143
42.3564609,-73.2848762
43.748961,-88.408858
41.226185,-73.480895
41.8657309,-87.800002
43.127014,-77.582953
38.2382474,-122.040244
47.6762364,-122.3079423
35.897638,-106.262835
42.921423,-70.954776
38.9293589,-77.3437667
42.1517526,-87.8072652
38.434216,-122.20374
37.4376788,-122.1881617
38.409999,-78.730151
41.7600772,-88.4490366
21.3784735,-157.7525149
26.3640823,-80.1134872
41.7251265,-87.6756271
40.923364,-73.828944
39.10052,-77.1679879
36.9780405,-122.0070579
38.596018,-89.9997735
33.4610505,-86.7834955
38.9640108,-77.1299019
44.9727749,-93.2774124
40.7783213,-73.9478421
37.911621,-122.2749342
26.910583,-80.0888949
26.2545752,-80.1838354
40.7227419,-74.821526
40.5770461,-105.067668
46.8363098,-92.0622336
41.033584,-83.681178
37.978026,-121.354893
41.1005709,-73.3750118
45.458001,-122.6820296
36.0724367,-79.820593
