42.8143884,-73.9026522
40.6167609,-74.007246
47.2646884,-122.5122742
25.71144,-80.339999
42.67284,-83.399032
43.048134,-75.373332
40.151899,-76.2922136
44.0548021,-70.7128684
40.1086624,-75.2081704
39.1459645,-77.232766
20.7644275,-156.4450063
42.3201154,-83.7858465
40.3915014,-74.2908343
28.6822493,-81.338682
38.6206439,-90.3155229
38.6962341,-121.0801295
38.5708338,-75.2799638
41.1787851,-73.8707532
41.5733067,-87.6956028
36.542087,-121.932193
40.7420421,-73.6291282
39.0286335,-77.1202873
41.0222775,-73.9695863
41.4076771,-96.191715
42.629239,-71.3398492
42.9155792,-85.6313752
40.6021087,-73.9673742
43.6674323,-73.039806
30.2616427,-97.7221996
48.4353389,-122.3225686
45.5031248,-122.755883
40.0880111,-88.2013395
21.9811111,-159.3711111
32.7296694,-117.0182636
41.198036,-73.8742697
34.5369356,-112.4536416
40.8344377,-74.2449437
34.1151577,-80.9248515
37.8839827,-122.4580469
39.958345,-82.9287949
41.1768102,-74.008069
45.0691293,-93.2193325
33.8764875,-84.1319474
35.9665279,-79.105706
40.5746438,-74.6167865
41.6010038,-86.712553
37.4396062,-122.17544
34.2757822,-119.2288328
37.8853213,-122.2788813
40.2137951,-74.869807
42.9693393,-72.5459907
38.018749,-84.485505
41.037436,-73.762009
40.901478,-73.770515
41.7233999,-83.7340614
31.7948063,-85.9065109
39.4289806,-87.4038121
35.2556647,-80.936961
33.776921,-84.2284184
40.039861,-81.5786612
35.8540817,-78.6822267
41.4057779,-73.519105
41.120148,-73.969218
38.623049,-90.49978
26.6122766,-80.0385171
40.1809966,-76.9840961
39.8053947,-85.7568335
35.573709,-117.651682
38.5766827,-94.873881
41.5465732,-90.5612738
40.761853,-73.825153
38.6534571,-90.30463
37.8541331,-122.231474
40.0684079,-85.6545049
40.732852,-73.978007
42.6231243,-82.9800155
44.9681649,-93.2593661
33.6477498,-117.8346428
39.8618994,-105.0860421
43.9089564,-71.3431624
43.4711636,-88.184613
37.92513,-122.03926
40.170269,-75.0919815
43.538199,-112.035609
41.6677157,-87.7170894
37.755837,-122.4655077
29.9292992,-90.1212053
41.091638,-81.97949
40.9855687,-76.6595194
42.175975,-71.0433216
40.0142959,-81.6213651
42.861604,-71.5155269
44.9060509,-123.0566524
40.628048,-73.9605486
38.9217311,-77.8625146
35.0622029,-106.5906406
38.7895142,-77.311062
40.732805,-73.9941357
41.1175702,-74.000571
43.1256495,-70.9299683
40.4741852,-90.6918219
43.0980008,-89.3372104
41.7389666,-72.8417436
33.904673,-118.1765
39.7488335,-104.9249237
42.3154435,-71.8178304
40.355202,-74.6159105
36.1388777,-115.246094
43.016921,-83.521982
47.932186,-122.128872
47.6072728,-122.2933228
41.3691131,-81.66947
41.3668664,-81.7516746
34.0843801,-118.2776189
40.7740875,-73.9562111
33.6403552,-117.891666
40.6341329,-80.0704679
42.1103189,-88.2205936
27.8415508,-80.5158718
33.931306,-83.3390535
38.8755949,-76.640882
33.814715,-84.3821078
47.6733402,-122.2648245
40.8896408,-74.0321606
40.2825012,-111.6621531
36.0792775,-95.8815323
26.621386,-80.0386528
38.9848349,-77.145264
41.7807371,-88.2768545
42.2905158,-71.2540156
34.1220545,-118.2935891
41.1218172,-74.0147846
30.020586,-95.5439001
37.786964,-122.482703
34.223011,-118.983064
26.505424,-81.9169982
42.3919956,-71.1245458
40.429561,-79.927641
40.773835,-73.923537
39.1554497,-84.4837313
41.2175075,-73.1340381
47.6467408,-122.3199622
41.976092,-87.6534418
37.7852206,-122.4788979
42.2466152,-83.6737162
42.3477199,-83.4729937
35.465603,-82.599106
42.4267648,-71.2285133
40.7308224,-73.978997
39.195766,-77.189304
39.813445,-86.213709
34.37802,-83.8701532
34.1973921,-118.1953884
42.8095341,-71.0027465
43.270506,-75.279919
42.3986223,-71.1122295
30.2878883,-97.7716295
38.949584,-90.317021
39.240342,-84.352238
39.3773056,-119.8305851
38.3905689,-122.822052
45.6122884,-122.5647325
42.6852844,-89.0209853
39.1098725,-76.9441049
35.6416935,-97.4668478
31.8721808,-106.4184988
39.907601,-86.23091
30.188162,-93.198627
44.4582983,-93.161604
39.9242476,-75.3907729
42.2132168,-84.4315578
34.8426643,-82.2593059
37.887384,-122.2630365
32.4242215,-80.7724157
39.232534,-84.404357
40.5839224,-73.6399254
40.8199154,-73.2966803
39.1091679,-77.1658373
34.31,-118.45
38.8486273,-77.3448301
41.7652363,-72.7208557
39.4775053,-76.5272554
39.8760771,-84.0242748
39.008991,-76.696179
42.416072,-88.026079
39.7235195,-104.9291365
42.629809,-72.347911
37.3299522,-121.9265652
41.9739369,-72.6497925
40.8684135,-73.9179201
41.361489,-73.0136621
30.5106359,-91.5307606
41.0591123,-73.9952303
40.1044287,-83.0522921
37.8780034,-122.0675361
36.8938927,-76.1568789
40.7711351,-73.9828924
33.8331527,-118.357655
40.1080987,-83.1660762
42.3340522,-71.1908401
33.774396,-118.379451
39.4343186,-76.6200435
43.0462277,-77.4399053
40.350967,-80.1412268
43.199225,-89.234848
33.8203867,-84.3369479
36.5725286,-121.9485937
38.358675,-122.6867889
47.3352273,-122.8293192
38.983225,-77.079415
42.231226,-74.555984
39.305767,-84.497175
40.0770036,-105.3541612
39.0080667,-77.1259584
35.208888,-80.786125
39.8094194,-75.5014409
44.943197,-93.149392
33.7866638,-118.3393177
38.8718214,-77.2062832
32.423359,-81.76525
25.995151,-80.329174
33.8802802,-117.446394
39.1505453,-77.2036555
42.300907,-71.282317
39.1864275,-85.9754347
40.2272366,-74.8184975
30.7239765,-97.7425846
33.85057,-84.240334
40.7717461,-74.2920754
40.633733,-74.122082
42.2934924,-71.8332925
43.2475083,-90.5837151
40.3195881,-111.7145278
34.115463,-118.3866168
43.1500392,-77.5436787
37.3953643,-122.2001931
40.8230545,-73.9201694
39.15031,-77.1987138
39.9216831,-76.7122232
41.861305,-72.786863
40.7632112,-73.965853
41.8905353,-80.1452613
44.120464,-87.827429
40.776363,-73.9446307
41.4259607,-81.7086067
40.09745,-76.0715743
40.9136411,-73.9032649
47.687909,-122.1789468
40.9059736,-80.8425827
32.7691294,-117.0184738
36.178049,-86.790287
40.7994574,-73.9698074
44.328809,-88.535343
42.317302,-71.1899692
44.299953,-74.0844909
33.8796297,-118.3918963
40.873643,-73.902164
42.787713,-96.1530357
40.724342,-74.622821
40.3914163,-74.6621543
40.0804184,-75.5010793
40.42,-104.7
21.4091885,-157.7718575
41.335186,-71.906268
47.7714229,-122.3809006
43.089409,-89.355879
46.7936266,-92.0996761
